109.1300	-1.0461	42.0681
109.1311	-1.0481	42.0610
109.1335	-1.0498	42.0512
109.1377	-1.0521	42.0362
109.1416	-1.0537	42.0235
109.1448	-1.0541	42.0134
109.1509	-1.0564	41.9981
109.1578	-1.0595	41.9813
109.1667	-1.0643	41.9592
109.1736	-1.0671	41.9458
109.1812	-1.0702	41.9292
109.1888	-1.0736	41.9141
109.1954	-1.0771	41.9027
109.2025	-1.0810	41.8920
109.2099	-1.0842	41.8826
109.2152	-1.0865	41.8752
109.2212	-1.0895	41.8660
109.2278	-1.0917	41.8565
109.2331	-1.0938	41.8492
109.2397	-1.0964	41.8383
109.2445	-1.0992	41.8292
109.2491	-1.1015	41.8211
109.2543	-1.1038	41.8120
109.2589	-1.1060	41.8015
109.2629	-1.1075	41.7941
111.9087	-1.5102	38.1995
112.0672	-1.5140	37.8868
112.3459	-1.5232	37.2671
112.4856	-1.5322	36.9356
112.6805	-1.5546	36.4930
113.0495	-1.6118	35.6543
113.2066	-1.6412	35.2519
113.3338	-1.6706	34.8651
113.5201	-1.7565	34.1294
113.5796	-1.8050	33.7714
113.6094	-1.8476	33.4220
113.5583	-1.9162	32.7864
113.5028	-1.9526	32.4863
113.4426	-1.9826	32.1613
113.3315	-2.0164	31.3554
113.2853	-2.0508	31.0084
113.2519	-2.0918	30.6752
113.2198	-2.1651	30.0378
113.2224	-2.1839	29.7035
113.2417	-2.2121	29.3803
113.3467	-2.3097	28.7039
113.4134	-2.3473	28.3589
113.4454	-2.3837	28.0380
113.2878	-2.3621	27.7826
113.0965	-2.3512	27.8294
112.8573	-2.2846	28.0567
112.5983	-2.2645	28.1643
112.6950	-2.2929	27.9788
112.9019	-2.3092	27.6585
113.1442	-2.3407	27.2753
113.0957	-2.3073	27.1438
112.9478	-2.2547	27.0796
112.6093	-2.1111	27.2886
112.5226	-2.0745	27.2549
112.3644	-2.0202	27.5159
112.1194	-1.9361	27.8541
112.0265	-1.9328	27.9955
111.9123	-1.9108	28.2097
111.6838	-1.8767	28.7044
111.5552	-1.9009	28.9416
111.3868	-1.8872	29.2435
110.8562	-1.7763	30.0695
110.9580	-1.6618	30.1965
111.2310	-1.6816	29.8965
111.3354	-1.5485	30.2111
111.3962	-1.5457	30.2324
111.5060	-1.5561	29.9807
111.8535	-1.5198	29.1007
112.0060	-1.5179	28.6345
112.1343	-1.5114	28.1533
112.3634	-1.5493	27.1699
112.4458	-1.6111	26.7197
112.4850	-1.6609	26.3033
112.5937	-1.6673	25.8712
112.8238	-1.6867	25.5757
113.1369	-1.7217	25.1127
113.6432	-1.7733	24.2784
113.8829	-1.8211	23.8989
114.0408	-1.8386	23.5356
114.0416	-1.8236	22.9980
113.7052	-1.7411	23.1476
113.1772	-1.7824	23.3852
113.1376	-1.7763	23.2925
113.4521	-1.8293	22.9075
113.7304	-1.8504	22.5556
113.8447	-1.8793	21.9960
113.6320	-1.8677	21.9838
113.5128	-1.8531	21.9428
113.3607	-1.8324	21.8698
113.2625	-1.8113	21.9616
113.1121	-1.7472	22.1847
112.8509	-1.7594	22.3596
112.7007	-1.7766	22.4889
112.6105	-1.8191	22.5402
112.3389	-1.8806	22.9466
112.1673	-1.8912	23.2392
111.9254	-1.8528	23.6381
111.4130	-1.7209	24.2682
111.5828	-1.7402	23.9857
111.8093	-1.6930	23.6257
112.0357	-1.7939	23.3289
112.0268	-1.7800	23.4036
112.1270	-1.7675	23.0830
112.3658	-1.7600	22.3693
112.4757	-1.7527	22.0020
112.5813	-1.7605	21.6440
112.7186	-1.7937	20.8298
112.7279	-1.8683	20.6167
112.9361	-1.8587	20.2686
113.3444	-1.8631	19.4733
113.3898	-1.8886	19.1823
113.2238	-1.8719	19.1373
112.5342	-1.9337	19.6130
112.6010	-1.9113	19.5095
112.8660	-2.0076	19.2501
113.4717	-2.0820	18.7196
113.5844	-2.0985	18.5155
113.4962	-2.0873	18.3768
113.1904	-2.0061	18.4283
112.8346	-1.8287	18.9284
112.6770	-1.7381	19.2590
112.4682	-1.6193	19.6783
112.3577	-1.6219	19.8740
112.2495	-1.5824	20.1485
112.1483	-1.6335	20.4716
112.0263	-1.6890	20.7003
111.9740	-1.6523	20.9589
111.8292	-1.6553	21.4407
111.6552	-1.5909	21.9021
111.4446	-1.4989	22.3590
111.4206	-1.3951	22.6616
111.4915	-1.3207	22.7511
111.6649	-1.2202	22.5878
111.8738	-1.3879	22.3180
111.9163	-1.4027	22.3506
111.9841	-1.4264	22.1979
112.1109	-1.4689	21.7885
112.1197	-1.4662	21.5526
112.0296	-1.4426	21.3203
111.4840	-1.3152	21.7641
111.3371	-1.3230	21.8509
111.2014	-1.2052	22.1255
111.7078	-1.3498	21.3606
111.9560	-1.3599	20.9891
112.0465	-1.4018	20.6570
111.9623	-1.4851	20.2315
111.7819	-1.5373	20.2385
111.5780	-1.5247	20.4005
111.4047	-1.4511	20.5122
111.3041	-1.4082	20.6291
111.2262	-1.4049	20.6579
111.0825	-1.4568	20.7153
111.0290	-1.4485	20.8125
110.9940	-1.4257	20.9271
110.9363	-1.3820	21.2682
110.9694	-1.3991	21.3668
110.9331	-1.3551	21.5830
110.8608	-1.2766	22.0107
110.8126	-1.2341	22.1965
110.7001	-1.2024	22.4414
110.6017	-1.1898	22.7048
110.5600	-1.1329	22.9340
110.5601	-1.1210	23.0702
110.5642	-1.0853	22.9108
110.4999	-1.0460	23.0668
110.4802	-1.0147	23.1559
110.2139	-0.8042	23.7607
110.0798	-0.7121	23.9566
109.9021	-0.5322	24.0441
109.6070	-0.3496	23.8248
109.5401	-0.3409	23.2512
109.4656	-0.3327	22.6731
109.4054	-0.3028	21.3228
109.2267	-0.2484	20.8995
109.0552	-0.2718	20.2279
108.8493	-0.3080	18.4038
108.7476	-0.3484	17.4408
108.7038	-0.4606	16.4404
108.4895	-0.5820	14.4281
108.4149	-0.6367	13.4411
108.3295	-0.7223	12.4270
108.2297	-0.9228	10.3109
108.1201	-0.9737	9.3946
108.0616	-1.0151	8.3297
107.9618	-1.1746	6.0683
107.8876	-1.2490	4.9635
107.8603	-1.2987	3.7503
107.8013	-1.4335	1.1480
107.7257	-1.5229	-0.3666
107.7275	-1.6085	-1.8521
107.6792	-1.7781	-4.8218
107.6430	-1.8871	-6.3183
107.6312	-1.9938	-7.8960
107.6228	-2.1822	-11.1491
107.6142	-2.2755	-12.8334
107.6018	-2.3519	-14.5465
107.6870	-2.5460	-18.1111
107.7145	-2.6495	-19.9422
107.7276	-2.7343	-22.1285
107.8252	-3.0096	-25.9089
107.8420	-3.0990	-27.7631
107.9293	-2.9895	-30.0853
108.0869	-3.0934	-34.5815
108.1768	-3.2812	-36.6240
108.2390	-3.4734	-38.5912
108.3426	-3.7302	-42.5660
108.4225	-3.8512	-44.6063
108.5149	-3.9968	-46.6361
108.6900	-4.2951	-50.9740
108.7785	-4.3940	-53.0582
108.8512	-4.5007	-55.0972
109.0614	-4.7075	-59.2156
109.1711	-4.7858	-61.2970
109.2961	-4.8828	-63.3791
109.5811	-4.9711	-67.7948
109.7212	-4.9941	-70.0338
109.8605	-5.0439	-72.2188
110.1151	-5.0864	-76.6942
110.2495	-5.1035	-78.9289
110.4767	-5.1301	-82.3836
110.7476	-5.1670	-86.2111
110.9427	-5.1753	-88.5086
111.1133	-5.2011	-90.7382
111.4060	-5.2406	-95.1129
111.4970	-5.2876	-97.1644
111.5855	-5.3237	-99.1698
111.7673	-5.3429	-103.1511
111.8429	-5.3466	-105.0779
111.8944	-5.3993	-106.8148
111.9677	-5.4899	-110.3955
112.0316	-5.4501	-112.1991
112.0852	-5.3858	-114.0957
112.1861	-5.2338	-117.9203
112.2110	-5.1767	-119.7691
112.2164	-5.0536	-121.8001
112.1844	-4.8026	-125.7551
112.1949	-4.6967	-127.6273
112.2008	-4.5806	-129.4738
112.2236	-4.3031	-133.1207
112.2205	-4.1443	-135.2495
112.1920	-4.0305	-137.0831
112.0653	-3.8202	-140.6943
112.0428	-3.7221	-142.3308
111.9719	-3.6348	-143.9910
111.8857	-3.4895	-147.0393
111.8638	-3.4354	-148.4272
111.8492	-3.3909	-149.7731
111.7564	-3.3188	-152.3340
111.7337	-3.2610	-153.4744
111.6969	-3.1722	-154.5863
111.5995	-3.0709	-156.9030
111.5090	-2.9847	-157.9568
111.4103	-2.9048	-159.0246
111.2573	-2.7596	-161.0960
111.2051	-2.6823	-162.1188
111.1836	-2.6171	-163.1104
111.2261	-2.5144	-165.0616
111.2734	-2.4778	-166.0160
111.3101	-2.4434	-166.9615
111.4165	-2.4314	-168.7119
111.4989	-2.4418	-169.6059
111.5180	-2.4385	-170.4192
111.4802	-2.4035	-171.9804
111.4269	-2.3852	-172.7427
111.3776	-2.3782	-173.4649
111.2876	-2.3928	-174.7654
111.2140	-2.4123	-175.3918
111.1099	-2.4506	-176.0237
111.0008	-2.5293	-176.9048
110.9475	-2.5270	-177.2719
110.9347	-2.5181	-177.4202
110.8604	-2.5151	-177.8946
110.9013	-2.4789	-177.9743
110.9342	-2.4319	-178.0698
110.9113	-2.3968	-178.4411
110.8722	-2.4022	-178.6782
110.8265	-2.3997	-178.9080
110.7544	-2.3744	-179.2964
110.7230	-2.3557	-179.4698
110.6788	-2.3322	-179.6634
110.5550	-2.2858	179.8274
110.4948	-2.2543	179.5686
110.4328	-2.2285	179.2796
110.2817	-2.2055	178.5953
110.1970	-2.2007	178.2328
110.1023	-2.1974	177.8630
109.9347	-2.1689	177.1458
109.8499	-2.1566	176.7612
109.7690	-2.1489	176.3705
109.6104	-2.1140	175.5878
109.5116	-2.1022	175.1625
109.3997	-2.0760	174.6627
109.2040	-2.0428	173.7631
109.0996	-2.0280	173.3051
108.9986	-2.0093	172.8477
108.8349	-1.9842	171.9669
108.7615	-1.9718	171.5412
108.6866	-1.9609	171.1100
108.5310	-1.9461	170.2424
108.4642	-1.9480	169.8240
108.4043	-1.9467	169.4037
108.3045	-1.9361	168.5590
108.2635	-1.9282	168.2162
108.2267	-1.9295	167.8791
108.1192	-1.9576	167.1906
108.0452	-1.9689	166.8566
107.9731	-1.9633	166.5540
107.8553	-1.9278	166.0126
107.8360	-1.9181	165.7599
107.8203	-1.9123	165.5213
107.7519	-1.9070	164.9685
107.7137	-1.9074	164.6523
107.7057	-1.9111	164.4125
107.7179	-1.9395	163.9760
107.7196	-1.9630	163.7788
107.7141	-1.9775	163.6094
107.6923	-1.9775	163.3098
107.6956	-1.9692	163.1747
107.7193	-1.9646	163.0535
107.7294	-1.9832	162.8113
107.7269	-1.9839	162.7222
107.7328	-1.9884	162.6598
107.7335	-1.9873	162.5336
107.7412	-1.9943	162.4779
107.7242	-1.9952	162.4232
107.6917	-2.0263	162.2680
107.6907	-2.0239	162.2330
107.7010	-2.0230	162.2130
107.6882	-2.0401	162.1323
107.6833	-2.0390	162.0860
107.6785	-2.0293	162.0513
107.7295	-2.0034	162.0522
107.7488	-1.9988	162.0505
107.7655	-1.9939	162.0584
107.8119	-1.9820	162.0959
107.8441	-1.9786	162.1303
107.8709	-1.9799	162.1572
107.8999	-1.9830	162.1969
107.9165	-1.9793	162.2310
107.9397	-1.9786	162.2910
108.0070	-1.9664	162.4239
108.0308	-1.9627	162.4726
108.0814	-1.9428	162.5529
108.1555	-1.9138	162.6623
108.1973	-1.8886	162.7401
108.2184	-1.8661	162.7950
108.2375	-1.8376	162.8415
108.2263	-1.8118	162.8414
108.2307	-1.7886	162.8325
108.2619	-1.7399	162.8495
108.2660	-1.7216	162.8370
108.2613	-1.7081	162.8133
108.2630	-1.6678	162.7449
108.2755	-1.6458	162.6981
108.3134	-1.6336	162.6630
108.4164	-1.6553	162.6649
108.4611	-1.6863	162.7060
108.5878	-1.7029	162.9339
108.8599	-1.6148	163.3869
108.9584	-1.5612	163.5420
109.0374	-1.5083	163.6604
109.0893	-1.5180	163.6875
109.1230	-1.5254	163.7586
109.1711	-1.5074	163.8757
109.3107	-1.4481	164.1796
109.3713	-1.4218	164.3177
109.4301	-1.4022	164.4548
109.5349	-1.3756	164.6605
109.6111	-1.3605	164.7871
109.6840	-1.3431	164.9051
109.8128	-1.3468	165.1327
109.8868	-1.3596	165.2684
109.9710	-1.3689	165.4372
110.1750	-1.3775	165.8511
110.2487	-1.3796	166.0334
110.3106	-1.3843	166.2174
110.4186	-1.3860	166.6069
110.4747	-1.3791	166.8024
110.5376	-1.3718	167.0144
110.6610	-1.3640	167.4517
110.7261	-1.3592	167.6803
110.7966	-1.3514	167.9158
110.9438	-1.3262	168.3772
111.0176	-1.3218	168.6362
111.0744	-1.3275	168.8537
111.1954	-1.3442	169.3143
111.2583	-1.3478	169.5515
111.3210	-1.3544	169.7913
111.4544	-1.3742	170.2786
111.5240	-1.3852	170.5287
111.5945	-1.3925	170.7834
111.7094	-1.3929	171.2619
111.7579	-1.3934	171.4872
111.8169	-1.3959	171.7578
111.9189	-1.3951	172.2104
111.9628	-1.3885	172.3972
112.0059	-1.3795	172.5770
112.0899	-1.3679	172.9359
112.1383	-1.3668	173.1391
112.1807	-1.3652	173.3272
112.2603	-1.3525	173.6532
112.3003	-1.3418	173.7923
112.3526	-1.3391	173.9465
112.4689	-1.3325	174.2838
112.5182	-1.3296	174.4312
112.5584	-1.3238	174.5745
112.6461	-1.3225	174.8760
112.6855	-1.3220	175.0138
112.7223	-1.3192	175.1425
112.8086	-1.3147	175.3949
112.8535	-1.3161	175.5165
112.9042	-1.3142	175.6344
112.9940	-1.3055	175.8956
113.0218	-1.3071	176.0111
113.0735	-1.3013	176.1699
113.1193	-1.2933	176.3157
113.1472	-1.2810	176.3901
113.1776	-1.2812	176.4776
113.2343	-1.2905	176.6827
113.2354	-1.2900	176.7522
