115.4602	-5.6575	-33.8851
115.4178	-5.6474	-33.9184
115.4011	-5.6436	-33.9290
115.3828	-5.6397	-33.9404
115.3630	-5.6354	-33.9506
115.3418	-5.6309	-33.9619
115.3179	-5.6253	-33.9727
115.2924	-5.6193	-33.9859
115.2650	-5.6135	-33.9976
115.2349	-5.6084	-34.0067
115.2039	-5.6033	-34.0151
115.1708	-5.5987	-34.0230
115.1362	-5.5929	-34.0315
115.1011	-5.5868	-34.0428
115.0633	-5.5804	-34.0522
115.0246	-5.5741	-34.0627
114.9853	-5.5672	-34.0770
114.9431	-5.5609	-34.0877
114.8981	-5.5533	-34.0980
114.8515	-5.5459	-34.1082
114.8044	-5.5382	-34.1202
114.7557	-5.5305	-34.1313
114.7036	-5.5226	-34.1402
114.6509	-5.5144	-34.1507
114.5965	-5.5062	-34.1619
114.5390	-5.4979	-34.1702
102.3146	-3.9152	-35.4389
100.1654	-3.6125	-35.4122
98.9866	-3.4489	-35.4105
97.7470	-3.2696	-35.4078
95.0362	-2.8700	-35.4224
93.5552	-2.6453	-35.4063
91.9966	-2.4102	-35.3338
88.6851	-1.9072	-35.3450
86.9276	-1.6379	-35.3386
85.0877	-1.3548	-35.3707
81.1700	-0.7673	-35.4599
79.0934	-0.4657	-35.4539
76.9187	-0.1636	-35.4964
72.2879	0.5147	-35.4179
69.8278	0.8502	-35.4505
67.2836	1.1948	-35.4302
61.8419	1.9280	-35.2871
59.0345	2.3021	-35.4132
56.0425	2.6798	-35.3691
49.8522	3.4560	-35.4025
46.6284	3.8012	-35.3437
43.3260	4.1149	-35.1799
36.5628	4.6480	-35.0093
33.2335	4.8687	-34.9206
30.0023	5.0643	-34.8360
23.7839	5.4997	-34.9171
20.5210	5.6754	-34.9166
17.1854	5.7851	-34.8911
10.4952	6.0292	-34.6863
7.2696	6.1538	-34.5807
4.0993	6.2595	-34.4735
-2.3131	6.3636	-34.2694
-5.5457	6.3444	-34.1785
-10.8753	6.2459	-34.0293
-15.0256	6.1094	-33.9088
-18.0956	5.9864	-33.7830
-21.1544	5.8231	-33.6356
-27.1499	5.4214	-33.2022
-30.0589	5.2099	-32.8970
-32.7156	4.9858	-32.5843
-38.9851	4.6027	-32.3124
-40.6368	4.4643	-32.2182
-43.1301	4.2891	-32.0662
-48.3204	3.8985	-31.7461
-50.9196	3.7145	-31.6531
-53.6504	3.4936	-31.5250
-59.3594	2.9806	-31.3792
-62.3491	2.6921	-31.3422
-65.4654	2.3937	-31.3089
-72.2245	1.7216	-31.4647
-77.2532	1.1633	-31.2261
-79.8690	0.8582	-31.4159
-88.1512	-0.1901	-31.0853
-92.5775	-0.7933	-30.9154
-97.1715	-1.4067	-30.5708
-106.6095	-2.6342	-29.5764
-111.2266	-3.2203	-29.0751
-115.6420	-3.7344	-28.5389
-124.4358	-4.8882	-27.8455
-129.0304	-5.4442	-27.5175
-133.7674	-5.9796	-27.0471
-143.4487	-6.8884	-25.0728
-148.2446	-7.2582	-23.8131
-156.5170	-7.7343	-21.4118
-163.4035	-8.0359	-19.2630
-168.6705	-8.1977	-17.5387
-174.0842	-8.3165	-15.7321
175.0441	-8.4100	-11.9217
169.6203	-8.3732	-10.0177
164.1774	-8.2836	-8.1221
153.3108	-7.9107	-4.4950
147.9076	-7.6429	-2.7761
142.5730	-7.3370	-1.1577
132.1337	-6.6091	1.7763
127.0540	-6.1881	2.9748
122.0758	-5.7260	3.9980
112.5744	-4.8055	5.3239
108.0919	-4.3344	5.6755
101.1565	-3.5645	5.7613
96.0192	-2.9582	5.4194
92.3513	-2.5056	4.9853
88.8655	-2.0642	4.3738
82.4836	-1.1999	2.7141
79.4971	-0.8110	1.5093
76.6565	-0.4372	0.1554
71.2604	0.1469	-2.7736
68.6994	0.4118	-4.4457
66.2259	0.6756	-6.1707
61.3533	1.1673	-9.7945
58.9366	1.4187	-11.6428
56.5458	1.6675	-13.4964
51.5650	2.1399	-17.1904
48.9635	2.3825	-18.8903
46.2632	2.6077	-20.5294
40.5256	3.0598	-23.4205
37.4885	3.3072	-24.6676
34.3238	3.5508	-25.8513
27.7131	4.0583	-27.8040
24.1956	4.3372	-28.6851
20.5607	4.5668	-29.4087
12.9731	5.0313	-30.4343
9.0240	5.2307	-30.7956
4.9982	5.3977	-31.0020
-3.3861	5.6383	-31.1573
-7.7070	5.7041	-30.9780
-15.1063	5.7018	-30.5360
-21.2026	5.6051	-30.2151
-25.8864	5.4539	-29.8541
-30.7440	5.1796	-29.4627
-41.0858	4.4097	-28.2181
-46.5040	3.9449	-27.2194
-51.9686	3.4246	-26.0915
-63.1880	2.2135	-23.1928
-68.8840	1.5572	-21.4816
-74.6566	0.8902	-19.6142
-86.3504	-0.4591	-15.4910
-92.2769	-1.1242	-13.2194
-98.2312	-1.8198	-10.8036
-110.0061	-3.1159	-5.7500
-115.8274	-3.7124	-3.1550
-121.5588	-4.2868	-0.5266
-132.7132	-5.2755	4.6007
-138.1212	-5.7175	7.0499
-143.3969	-6.1064	9.3831
-153.3885	-6.8160	13.5007
-158.1164	-7.1412	15.2515
-162.6282	-7.3998	16.7143
-170.9628	-7.8489	19.0037
-174.8144	-8.0221	19.7917
-178.4508	-8.1614	20.3164
174.8423	-8.3389	20.6322
171.7691	-8.4131	20.4154
168.8584	-8.4582	19.9786
163.5120	-8.5486	18.3491
161.0046	-8.5551	17.3064
158.6463	-8.5794	16.0953
154.3193	-8.6186	13.2764
152.3189	-8.6653	11.6654
150.3393	-8.7360	9.9683
146.6398	-8.8439	6.4816
144.9160	-8.8847	4.5168
143.2968	-8.9243	2.4711
140.2809	-8.9905	-1.8519
138.8159	-8.9664	-4.2058
137.3554	-8.9183	-6.5406
134.2426	-8.7644	-11.0202
132.5540	-8.6718	-13.0906
130.7774	-8.5446	-15.0247
126.7699	-8.2892	-18.3807
124.5655	-8.1043	-19.8056
122.1787	-7.9418	-20.9953
116.9585	-7.4599	-22.7732
114.0775	-7.1178	-23.3082
111.0522	-6.7025	-23.6807
104.5576	-5.6877	-23.8412
101.1090	-5.1415	-23.6900
97.5326	-4.5876	-23.3611
89.9147	-3.3585	-22.2582
85.8645	-2.7144	-21.5252
81.6466	-2.0724	-20.5897
72.7428	-0.7342	-18.5622
68.1173	-0.0731	-17.4211
63.3758	0.5820	-16.1997
53.7119	1.8101	-13.7513
48.7831	2.3760	-12.2970
40.4634	3.2484	-10.1604
33.6302	3.8474	-8.3750
28.4480	4.2544	-7.0105
23.1458	4.6078	-5.5588
12.1153	5.1538	-1.8950
6.6408	5.3872	-0.1782
-1.7350	5.6429	2.6483
-10.9972	5.7933	5.8113
-16.5145	5.8360	7.6953
-21.9531	5.8640	9.5153
-32.5574	5.7331	12.8894
-37.7382	5.5888	14.4655
-42.8060	5.4192	15.9153
-52.4940	4.8884	18.4560
-57.0695	4.5830	19.4557
-61.3732	4.1976	20.3150
-69.2689	3.3507	21.4621
-72.8265	2.9170	21.7369
-78.1474	2.1694	21.6815
-81.9641	1.5924	21.1595
-84.5877	1.1529	20.4966
-87.0276	0.7186	19.6011
-91.4358	-0.2369	17.1374
-93.4094	-0.7467	15.6303
-95.2561	-1.2225	14.0125
-98.5844	-2.1310	10.4324
-100.0046	-2.5766	8.5131
-101.3053	-2.9956	6.4963
-103.5362	-3.7374	2.3354
-104.4647	-4.0983	0.1432
-105.2929	-4.4213	-2.1114
-106.6744	-5.0021	-6.7705
-107.3005	-5.2430	-9.2007
-107.9710	-5.4954	-11.5467
-109.3655	-5.9587	-16.1598
-110.1117	-6.1817	-18.3918
-110.9109	-6.3779	-20.5837
-112.8444	-6.7723	-24.6445
-113.9795	-6.9502	-26.4588
-115.2595	-7.1695	-28.0771
-118.3712	-7.5893	-30.7140
-120.2156	-7.7763	-31.6970
-122.2802	-7.9770	-32.4617
-127.0947	-8.3453	-33.0494
-130.8522	-8.5710	-32.8710
-132.9034	-8.6479	-32.6438
-139.6506	-8.9075	-31.2245
-143.3759	-9.0137	-30.1999
-147.3418	-9.1171	-28.9264
-156.0623	-9.3546	-25.2816
-160.8567	-9.5131	-22.8122
-165.8455	-9.6423	-19.9731
-175.9777	-9.6521	-14.2642
178.7923	-9.6719	-11.0772
173.6270	-9.6260	-8.0700
163.0748	-9.4369	-1.7205
157.7523	-9.2409	1.5336
152.5157	-9.0061	4.6442
142.0324	-8.4219	10.9842
136.9055	-8.0864	13.8000
131.7812	-7.7140	16.6513
121.5848	-6.7781	22.2412
116.5724	-6.2443	24.8980
111.5818	-5.6941	27.5985
101.9407	-4.4987	32.5356
97.2937	-3.8711	34.7482
92.7643	-3.2387	36.7495
84.1090	-2.0280	40.0278
80.0051	-1.4407	41.3124
76.0582	-0.8536	42.3760
68.7520	0.2017	43.7510
65.4137	0.6541	44.0412
62.3205	1.0534	44.0518
56.8406	1.7725	43.2751
54.4539	2.0827	42.4858
52.3162	2.3217	41.3906
48.7745	2.6918	38.4213
47.3175	2.8318	36.5931
46.0982	2.9020	34.5868
44.1614	2.9022	30.0634
43.3677	2.8741	27.6869
42.6630	2.8442	25.2340
41.5188	2.7580	20.0433
41.0457	2.6737	17.3606
40.6032	2.6033	14.5643
39.7138	2.4661	9.0895
39.2292	2.3943	6.3879
38.7221	2.3283	3.7288
37.4842	2.2422	-1.3237
36.7221	2.2316	-3.7298
35.8729	2.2308	-6.0031
33.7527	2.2465	-10.1204
31.9994	2.3397	-12.5010
31.0085	2.3960	-13.5582
27.6824	2.6206	-16.4160
25.8136	2.7688	-17.6065
23.7609	2.8901	-18.5666
19.1939	3.1663	-20.0183
15.7741	3.3460	-20.5753
13.9350	3.4393	-20.7484
7.8889	3.6642	-20.7123
4.5145	3.7669	-20.4617
0.9108	3.8665	-19.9836
-7.0153	3.9891	-18.5660
-12.6855	3.9890	-17.3855
-15.6408	3.9600	-16.7092
-24.6558	3.7575	-14.4013
-29.3060	3.5421	-13.0388
-34.0415	3.2717	-11.5029
-43.6324	2.6567	-8.1582
-48.5408	2.2890	-6.2613
-53.4968	1.8937	-4.2472
-63.4929	1.0233	0.0927
-68.4804	0.5637	2.3599
-73.4577	0.1208	4.6637
-83.3187	-0.8090	9.3549
-88.1920	-1.2316	11.6731
-92.9608	-1.6656	13.9600
-102.2024	-2.5865	18.3722
-106.6569	-3.0083	20.4047
-112.3924	-3.5895	22.9501
-119.1991	-4.2597	25.7286
-123.0642	-4.6396	27.1685
-126.7158	-5.0158	28.3887
-133.4005	-5.7302	30.1880
-136.3786	-6.0749	30.6854
-140.7793	-6.5947	30.9048
-143.7806	-6.9695	30.5623
-145.7588	-7.2103	29.9725
-147.4822	-7.4471	29.0790
-150.3290	-7.8514	26.6082
-151.5034	-8.0941	25.0474
-152.5656	-8.3412	23.3658
-154.4307	-8.8778	19.6455
-155.2721	-9.1237	17.6851
-156.0340	-9.3498	15.6604
-157.4910	-9.8173	11.0100
-158.0975	-10.0164	8.8143
-158.6597	-10.2229	6.5065
-159.7093	-10.5848	1.8096
-160.2258	-10.7531	-0.5555
-160.7494	-10.8906	-2.9496
-161.8593	-11.1853	-7.5569
-162.5263	-11.3283	-9.7612
-163.2811	-11.4676	-11.8285
-165.1741	-11.6828	-15.5287
-166.7037	-11.7581	-17.6839
-167.5496	-11.7994	-18.6342
-170.4127	-11.8698	-21.1452
-172.0581	-11.8781	-22.1055
-173.8345	-11.8555	-22.9429
-177.8536	-11.7629	-24.0536
179.8914	-11.6835	-24.2502
175.7642	-11.4612	-24.2305
172.0957	-11.2500	-23.7400
169.1121	-11.0703	-23.1010
165.9124	-10.8473	-22.2769
158.8987	-10.3255	-19.9271
155.1531	-10.0211	-18.4839
151.2949	-9.7132	-16.8910
143.3211	-9.0742	-13.3877
139.2179	-8.7310	-11.5411
135.0131	-8.3583	-9.5215
126.4131	-7.5560	-5.4929
121.9896	-7.0976	-3.3702
117.4820	-6.5975	-1.1789
108.3030	-5.5528	3.4307
103.6915	-4.9783	5.8201
99.1095	-4.4123	7.9652
89.7889	-3.2141	12.8426
85.1649	-2.6085	15.1085
80.5351	-1.9927	17.5333
71.3498	-0.7846	22.2983
66.8492	-0.1848	24.4576
62.3880	0.3928	26.5761
53.7318	1.4791	30.3392
49.5464	1.9953	31.9475
45.4648	2.4677	33.3541
37.7468	3.3435	35.5767
34.1160	3.7345	36.3692
30.6891	4.0709	36.9398
24.4501	4.5722	37.4147
20.7480	4.8578	37.2617
19.0557	4.9781	37.0471
14.6263	5.2566	35.7740
12.7916	5.3389	34.8214
11.1900	5.3780	33.6364
8.6335	5.3588	30.6939
7.6122	5.3185	29.0069
6.7403	5.2411	27.1975
5.3761	5.0672	23.3000
4.8696	4.9701	21.2297
4.2037	4.7776	17.5393
3.8376	4.6158	14.3455
3.6104	4.4921	11.9081
3.3747	4.3648	9.3767
2.8927	4.1531	4.3114
2.5736	4.0689	1.8277
1.9270	3.9178	-2.1601
1.2496	3.7914	-5.1747
0.5918	3.6981	-7.3116
-0.1849	3.6219	-9.3256
-2.0929	3.5082	-12.9737
-3.2236	3.4725	-14.6209
-5.3461	3.4486	-17.1021
-7.2844	3.4348	-18.8862
-8.8910	3.4087	-20.0270
-10.6255	3.3775	-21.0653
-14.4976	3.2689	-22.6649
-16.6423	3.2158	-23.2153
-18.9397	3.1614	-23.6899
-23.9858	3.0407	-24.1666
-27.7492	2.8811	-24.1789
-29.7498	2.7982	-24.0732
-36.2412	2.4777	-23.3161
-39.7811	2.2747	-22.7455
-43.5080	2.0388	-21.9589
-51.3900	1.4236	-19.6811
-55.5023	1.0539	-18.1701
-59.6975	0.6631	-16.5125
-68.2989	-0.1699	-12.8665
-72.7011	-0.6264	-10.8363
-77.1794	-1.0692	-8.7297
-86.2769	-2.0034	-4.1603
-90.8567	-2.4580	-1.7667
-95.4443	-2.8856	0.6524
-104.6045	-3.7653	5.6762
-109.1160	-4.1777	8.1643
-113.5767	-4.5670	10.6506
-122.2897	-5.2802	15.4725
-127.8962	-5.7073	18.4980
-130.6085	-5.9061	19.9479
-138.4698	-6.4848	23.9181
-142.1950	-6.7488	25.6711
-145.7890	-6.9926	27.2782
