109.4791	-1.1424	50.6678
109.4958	-1.1439	50.6325
109.5116	-1.1440	50.6055
109.5303	-1.1481	50.5637
109.5463	-1.1505	50.5351
109.5634	-1.1512	50.5004
109.5772	-1.1516	50.4774
109.5895	-1.1485	50.4651
109.6067	-1.1482	50.4372
109.6238	-1.1507	50.4021
109.6398	-1.1501	50.3762
109.6533	-1.1477	50.3578
109.6636	-1.1450	50.3428
109.6762	-1.1467	50.3128
109.6859	-1.1485	50.2887
109.6963	-1.1522	50.2581
109.7070	-1.1560	50.2294
109.7170	-1.1560	50.2097
109.7294	-1.1589	50.1741
109.7409	-1.1594	50.1445
109.7536	-1.1627	50.1006
109.7671	-1.1680	50.0526
109.7889	-1.1785	49.9696
109.8050	-1.1877	49.9055
109.8221	-1.1959	49.8422
109.8421	-1.2075	49.7599
112.4750	-2.1030	39.7975
112.8797	-2.1946	38.9057
113.0933	-2.2329	38.5017
113.3244	-2.2690	38.1109
113.7734	-2.3098	37.3413
114.0016	-2.3156	36.9474
114.2201	-2.3458	36.5828
114.6390	-2.4146	35.8912
114.8205	-2.4367	35.5616
114.9481	-2.4389	35.2346
114.8235	-2.3814	35.1566
114.4368	-2.3283	35.4568
113.9595	-2.2993	35.7084
112.6811	-2.3209	36.1625
112.8636	-2.3338	36.0184
112.9149	-2.3499	35.9518
113.0549	-2.1430	35.6521
113.0016	-2.1953	35.3478
112.8615	-2.2260	35.1310
112.5454	-2.2971	35.0056
112.4232	-2.2646	35.0669
112.2173	-2.1532	35.3713
111.9314	-2.0394	35.7058
111.7834	-2.0190	35.7771
111.6501	-2.0003	35.8706
111.4151	-2.0276	36.0840
111.2266	-2.0896	36.2902
110.9309	-2.0442	36.7445
111.2132	-1.8995	36.8294
111.3500	-1.8946	36.6688
111.2481	-1.7071	37.1329
111.3122	-1.8138	36.7537
111.4473	-1.8081	36.3705
111.6192	-1.8226	35.9805
111.9154	-1.8199	35.2026
112.0397	-1.8035	34.7800
112.1703	-1.8345	34.3321
112.4785	-1.9453	33.4739
112.6943	-1.9793	33.0866
112.9455	-2.0040	32.7000
113.4740	-2.0634	31.9420
113.7129	-2.1171	31.5720
114.0475	-2.1172	31.1159
114.4637	-2.1558	30.2987
114.4854	-2.1637	29.9820
114.2591	-2.1526	29.9415
113.1629	-2.0484	30.5024
113.2965	-2.0067	30.5060
113.5522	-1.9365	30.3417
114.2589	-1.9054	29.5857
114.2752	-1.8839	29.3127
114.0986	-1.8943	29.1405
113.6519	-1.8970	29.0489
113.5021	-1.8623	29.0993
113.3189	-1.7945	29.3121
113.0923	-1.7445	29.5186
112.9507	-1.7364	29.6625
112.7805	-1.7327	29.7783
112.4967	-1.7585	30.0030
112.3638	-1.7653	30.1518
112.1775	-1.7404	30.3843
111.7088	-1.6295	31.0434
111.3408	-1.5268	31.4726
111.3670	-1.4986	31.4423
111.6447	-1.4830	31.0191
111.7264	-1.5022	30.7467
111.7156	-1.4502	30.6174
111.8408	-1.4801	29.7199
111.9416	-1.5472	29.2515
112.1168	-1.6120	28.7595
112.4484	-1.6946	27.8391
112.7250	-1.8080	27.0353
112.7250	-1.8080	27.0353
113.1582	-1.8993	26.2538
113.3774	-1.9350	25.9231
113.5442	-1.9955	25.6325
113.4444	-2.0040	25.5469
113.2025	-1.9644	25.8729
112.9636	-1.8878	26.1891
113.2501	-1.9565	25.8003
113.6077	-1.9203	25.5769
113.7952	-1.9179	25.5747
113.6650	-1.8477	25.4509
113.3982	-1.7806	25.5312
113.1732	-1.7637	25.6862
113.0392	-1.6518	25.6249
112.9349	-1.6088	25.6986
112.8250	-1.5954	25.7632
112.5344	-1.6103	25.9435
112.3859	-1.5734	26.1185
112.3268	-1.5733	26.2225
112.2082	-1.6137	26.4056
112.0560	-1.6383	26.6108
111.8455	-1.6310	26.9843
111.2023	-1.5138	27.7653
111.3231	-1.4726	27.5887
111.4925	-1.3415	27.3313
111.6656	-1.3939	26.8677
111.7596	-1.4675	26.6359
111.8485	-1.4744	26.3513
112.1111	-1.4815	25.7390
112.2884	-1.4404	25.4212
112.4282	-1.4195	25.0529
112.4888	-1.4390	24.1475
112.3636	-1.4893	23.8999
112.2159	-1.5019	23.9020
111.8854	-1.5514	24.0227
111.7950	-1.5356	24.1099
111.9706	-1.6215	23.8223
112.5497	-1.6610	23.1997
112.7229	-1.6619	22.8711
112.7455	-1.6675	22.6190
112.4357	-1.6879	22.3159
112.3660	-1.6683	22.2559
112.2730	-1.5828	22.3801
112.1990	-1.4585	22.3206
112.0694	-1.4694	22.2927
112.0019	-1.4756	22.1572
111.8804	-1.5669	21.8817
111.7781	-1.5657	21.9371
111.7010	-1.5938	21.9701
111.4429	-1.5957	22.2417
111.3172	-1.6262	22.3088
111.1501	-1.5744	22.6750
110.8699	-1.4561	23.3150
110.8753	-1.4710	23.1972
110.8520	-1.3901	23.3382
111.0587	-1.3230	22.7909
111.1015	-1.3103	22.5242
111.0190	-1.3274	22.4475
110.6772	-1.2757	22.6594
110.4726	-1.2716	22.7090
110.3577	-1.2806	22.6946
110.6041	-1.2326	22.0728
110.8629	-1.2082	21.6860
111.0107	-1.2333	21.2770
111.1744	-1.4019	20.8682
111.2618	-1.3790	20.5642
111.0832	-1.3357	20.7931
110.7621	-1.2252	21.3715
110.7473	-1.2192	21.3754
110.6370	-1.1393	21.6321
110.4216	-1.0729	22.1149
110.2929	-1.1316	22.2340
110.0447	-1.2390	22.5465
109.4960	-1.1305	23.7549
109.4286	-1.0941	24.1523
109.2644	-1.0418	24.6811
108.8568	-0.8097	25.9434
108.7368	-0.7297	26.3611
108.6402	-0.5955	26.6174
108.2336	-0.7085	26.8879
107.8908	-0.8880	26.9083
107.2769	-0.9430	27.1227
106.7831	-0.7634	27.6255
106.5854	-0.8053	27.7430
106.3687	-0.8434	27.7839
105.6555	-0.9513	27.7726
105.1069	-0.9925	27.7822
104.3384	-1.0560	27.9492
102.7234	-1.0628	28.5008
102.0823	-1.1006	28.7084
101.5084	-1.1067	28.9591
100.5784	-1.1616	29.4147
100.1922	-1.1494	29.7035
99.9263	-1.1325	30.0389
99.6300	-1.0351	30.6784
99.4385	-1.0527	30.8813
99.2306	-1.0366	31.1588
98.8403	-0.8831	31.8930
98.6024	-0.8196	32.1588
98.2984	-0.8284	32.3038
97.8296	-0.8132	32.5835
97.2968	-0.8552	32.8603
96.9790	-0.8457	33.0618
96.5053	-0.8197	33.5067
96.3470	-0.8067	33.6716
96.1850	-0.8109	33.8162
95.9729	-0.8151	34.1761
95.8917	-0.8161	34.3409
95.7822	-0.8180	34.4927
95.4376	-0.7872	34.9071
95.3101	-0.7758	35.1384
95.1915	-0.7589	35.3566
94.8773	-0.7152	35.7183
94.8210	-0.7130	35.8664
94.7754	-0.7101	35.9803
94.6377	-0.6736	36.2830
94.5833	-0.6667	36.3871
94.5394	-0.6705	36.4728
94.5147	-0.6804	36.5803
94.5422	-0.6754	36.6039
94.5605	-0.6842	36.6130
94.6444	-0.6657	36.5961
94.7498	-0.6936	36.4372
94.8012	-0.6839	36.4357
94.9517	-0.4889	36.4696
95.3757	-0.4530	36.0643
95.8058	-0.5170	35.8674
96.2280	-0.5162	35.4378
96.3062	-0.6036	35.3332
96.3097	-0.5380	35.5630
96.5331	-0.5884	35.3368
96.6522	-0.6077	35.2158
96.7311	-0.5991	35.1967
96.9179	-0.6217	35.0865
97.0694	-0.6599	34.9229
97.2032	-0.6714	34.8106
97.5057	-0.6711	34.6633
97.6572	-0.6648	34.7070
97.8319	-0.6676	34.7355
98.3723	-0.6747	34.7484
98.8105	-0.6754	34.3692
99.2427	-0.7052	33.9238
99.8275	-0.7605	33.2611
100.0423	-0.8012	33.1929
100.3604	-0.8387	33.1343
101.0303	-0.8434	32.9698
101.3880	-0.8643	32.7562
101.7346	-0.8979	32.4647
102.2652	-0.9819	31.8123
102.3981	-1.0035	31.6005
102.4943	-1.0203	31.4147
102.6105	-1.0496	31.1827
102.6808	-1.0616	31.0632
102.7644	-1.0739	30.9368
102.9680	-1.0957	30.7019
103.0685	-1.1064	30.6500
103.1839	-1.1081	30.6852
103.6554	-1.1102	30.4269
103.9343	-1.1286	30.1714
104.1898	-1.1420	29.9094
104.6201	-1.1621	29.5812
104.8624	-1.1818	29.2898
105.0801	-1.2048	28.9661
105.3654	-1.2420	28.3710
105.4061	-1.2483	28.2375
105.4501	-1.2498	28.0988
105.5337	-1.2662	27.8928
105.5669	-1.2689	27.8195
105.6004	-1.2739	27.7106
105.6629	-1.2878	27.4904
105.7039	-1.2969	27.3641
105.7487	-1.3064	27.2404
105.8348	-1.3270	26.9908
105.8745	-1.3322	26.8673
105.9150	-1.3399	26.7396
106.0070	-1.3554	26.4605
106.0451	-1.3610	26.3428
106.0828	-1.3638	26.2242
106.1504	-1.3676	25.9865
106.1844	-1.3734	25.8638
106.2132	-1.3783	25.7490
106.2696	-1.3908	25.5086
106.3036	-1.3940	25.3796
106.3350	-1.3987	25.2894
106.3873	-1.4097	25.1372
106.4141	-1.4040	25.0707
106.4347	-1.3964	25.0168
106.4967	-1.4115	24.8256
106.5337	-1.4249	24.7156
106.5678	-1.4296	24.6162
106.6175	-1.4238	24.4328
106.6409	-1.4282	24.3298
106.6623	-1.4348	24.2307
106.6986	-1.4340	24.0786
106.7121	-1.4283	24.0163
106.7262	-1.4283	23.9587
106.7753	-1.4370	23.7981
106.7987	-1.4392	23.6951
106.8207	-1.4363	23.5881
106.8525	-1.4253	23.4119
106.8684	-1.4246	23.3483
106.8919	-1.4265	23.2623
106.9321	-1.4328	23.1308
106.9569	-1.4323	23.0569
106.9797	-1.4342	22.9881
107.0220	-1.4433	22.8345
107.0447	-1.4465	22.7512
107.0629	-1.4460	22.6787
107.0932	-1.4423	22.5426
107.1084	-1.4450	22.4756
107.1257	-1.4468	22.4032
107.1525	-1.4437	22.2750
107.1652	-1.4376	22.2152
107.1757	-1.4330	22.1626
107.1959	-1.4340	22.0503
107.2087	-1.4352	21.9771
107.2198	-1.4329	21.9086
107.2380	-1.4289	21.8019
107.2464	-1.4289	21.7474
107.2571	-1.4302	21.6941
107.2775	-1.4277	21.6244
107.2852	-1.4236	21.5966
107.2933	-1.4198	21.5560
107.3111	-1.4124	21.4702
107.3226	-1.4088	21.3951
107.3352	-1.4072	21.3053
107.3663	-1.4140	21.1001
107.3761	-1.4174	21.0279
107.3892	-1.4197	20.9475
107.4200	-1.4213	20.7943
107.4348	-1.4224	20.7275
107.4447	-1.4233	20.6680
107.4635	-1.4209	20.5584
107.4761	-1.4194	20.4980
107.4880	-1.4180	20.4185
107.5145	-1.4159	20.2382
107.5278	-1.4145	20.1614
107.5365	-1.4146	20.1233
107.5533	-1.4108	20.0571
107.5613	-1.4092	20.0234
107.5711	-1.4117	19.9857
107.5873	-1.4114	19.9237
107.5953	-1.4075	19.8953
107.6023	-1.4015	19.8707
107.6145	-1.3954	19.7971
107.6151	-1.4001	19.7608
107.6100	-1.4032	19.7439
107.6151	-1.3847	19.6737
107.6184	-1.3881	19.6336
107.6199	-1.3912	19.6322
107.6404	-1.3731	19.5883
107.6293	-1.3672	19.6111
107.6171	-1.3540	19.6543
107.5991	-1.3282	19.6717
107.6137	-1.3196	19.5875
107.6297	-1.3097	19.4893
107.6744	-1.3096	19.1966
107.7204	-1.3244	18.9641
107.7634	-1.3436	18.7611
107.8370	-1.3940	18.3804
107.8786	-1.4175	18.2057
107.9333	-1.4501	18.0432
108.0264	-1.5113	17.8398
108.0513	-1.5345	17.8175
108.0563	-1.5338	17.8828
107.8179	-1.4572	18.6471
107.6529	-1.3898	19.0852
107.5188	-1.3493	19.4086
107.3765	-1.2975	19.7110
107.3293	-1.2832	19.7758
107.2722	-1.2794	19.8567
107.1035	-1.2699	20.1527
107.0119	-1.2571	20.3376
106.9088	-1.2382	20.5459
106.7038	-1.1993	20.9491
106.6037	-1.1809	21.1410
106.5155	-1.1669	21.3222
106.3202	-1.1219	21.7382
106.2136	-1.0909	21.9291
106.1058	-1.0645	22.1071
105.9408	-1.0442	22.3811
105.8701	-1.0301	22.5452
105.7964	-1.0193	22.7089
105.6746	-1.0038	22.9783
105.6268	-1.0088	23.0775
105.5895	-1.0104	23.1763
105.5075	-1.0210	23.3931
105.4987	-1.0181	23.4873
105.5133	-1.0092	23.6027
105.5741	-1.0143	23.6448
105.6022	-1.0357	23.6550
105.6222	-1.0515	23.7049
105.6318	-1.0483	23.8678
105.6493	-1.0562	23.8749
105.6592	-1.0438	23.9254
105.6790	-1.0350	24.0368
105.6783	-1.0217	24.1529
105.6775	-1.0214	24.2367
105.6611	-0.9998	24.4391
105.6893	-0.9869	24.4314
105.6942	-0.9904	24.4497
105.6339	-0.9791	24.6342
105.5999	-0.9718	24.7273
105.5506	-0.9570	24.8790
105.5021	-0.9341	25.0805
105.4729	-0.9265	25.1566
105.4593	-0.9203	25.2364
105.4764	-0.8772	25.3826
105.4865	-0.8378	25.5358
105.4735	-0.8042	25.6897
105.3814	-0.7731	25.9553
105.2943	-0.7500	26.1277
105.2502	-0.7426	26.1920
105.1950	-0.7554	26.2069
105.1906	-0.7698	26.1548
105.1668	-0.7887	26.1320
105.1652	-0.8064	26.0449
105.2168	-0.8403	25.9124
105.2849	-0.8578	25.7538
105.3857	-0.8857	25.5346
105.4253	-0.8882	25.4267
105.4747	-0.9165	25.2952
105.5292	-0.9055	25.1489
105.5782	-0.8999	24.9998
105.6232	-0.8960	24.8873
105.7273	-0.9077	24.5902
105.7673	-0.9231	24.4391
105.7854	-0.9343	24.3762
