0.0000	0.0000	0.0000
109.3377	-1.3163	35.8525
109.3406	-1.3187	35.8223
109.3443	-1.3211	35.7904
109.3489	-1.3244	35.7444
109.3513	-1.3257	35.7177
109.3546	-1.3277	35.6903
109.3591	-1.3290	35.6594
109.3628	-1.3290	35.6473
109.3674	-1.3297	35.6349
109.3709	-1.3296	35.6287
109.3742	-1.3295	35.6217
109.3777	-1.3289	35.6150
109.3821	-1.3286	35.6043
109.3878	-1.3281	35.5941
109.3928	-1.3279	35.5833
109.3979	-1.3275	35.5742
109.4043	-1.3274	35.5622
109.4113	-1.3283	35.5378
109.4194	-1.3293	35.5102
109.4262	-1.3292	35.4889
109.4343	-1.3291	35.4641
109.4410	-1.3299	35.4447
109.4490	-1.3298	35.4217
109.4570	-1.3300	35.3985
109.4657	-1.3304	35.3764
111.0495	-1.6629	30.8073
111.2993	-1.7075	30.1481
111.4285	-1.7241	29.7931
111.5581	-1.7415	29.4395
111.8479	-1.7876	28.7198
111.9912	-1.8019	28.3561
112.1305	-1.8120	27.9970
112.4364	-1.8330	27.1790
112.5711	-1.8401	26.7749
112.6948	-1.8459	26.3646
112.9032	-1.8478	25.5254
112.9876	-1.8644	25.1460
113.0627	-1.8971	24.8037
113.1962	-1.9475	24.1354
113.2425	-1.9625	23.8175
113.2873	-2.0018	23.5279
113.3444	-2.0658	23.0871
113.3909	-2.0680	22.9678
113.4716	-2.0997	22.7934
113.6572	-2.0571	22.2620
113.7541	-2.0433	21.9334
113.7741	-2.0392	21.7810
113.4945	-2.0045	22.2277
113.2901	-2.0106	22.4865
113.0684	-2.0514	22.7713
113.1518	-2.0288	22.8262
113.2907	-2.0403	22.6995
113.3803	-2.0410	22.6972
113.1851	-2.0246	22.9307
112.9646	-1.9671	23.1968
112.7206	-1.9018	23.5693
112.3983	-1.7615	24.2386
112.2658	-1.7152	24.5092
112.1221	-1.6897	24.7948
111.8130	-1.6383	25.4546
111.6980	-1.6545	25.7374
111.5803	-1.6668	26.0419
111.2450	-1.7440	26.8092
111.0026	-1.7743	27.2789
110.9333	-1.6469	27.8271
111.1756	-1.3535	27.7952
111.3249	-1.3791	27.4545
111.4014	-1.4719	27.2035
111.5683	-1.4157	26.4295
111.7032	-1.4455	25.9923
111.8248	-1.4532	25.5368
112.0907	-1.4776	24.5288
112.2596	-1.5189	23.9300
112.4132	-1.5819	23.4329
112.7596	-1.7084	22.5235
112.9553	-1.7513	22.0877
113.1763	-1.7531	21.6289
113.5103	-1.7999	20.7755
113.5691	-1.8391	20.4377
113.5401	-1.8623	20.2188
113.1726	-1.8357	20.3555
112.8083	-1.7807	20.7009
112.5300	-1.6550	21.0365
112.6631	-1.7032	20.8314
112.8783	-1.7947	20.6266
112.9552	-1.8718	20.6087
112.7345	-2.0201	20.8667
112.5360	-2.0804	21.1555
112.3684	-2.1651	21.5390
112.2217	-2.2273	22.5566
112.1364	-2.2732	23.2335
112.1298	-2.2949	23.8343
111.8693	-2.2061	25.7708
111.8392	-2.1640	26.8297
111.7562	-2.0733	27.9369
111.7893	-1.8733	30.0428
111.7892	-1.7700	31.0441
111.7440	-1.6687	32.0263
111.5805	-1.3517	33.7821
111.5523	-1.1782	34.4782
111.5427	-0.9939	35.0264
111.5003	-0.6502	35.5620
111.3595	-0.4919	35.6750
111.2004	-0.3082	35.6008
110.9624	-0.0940	34.8471
110.8611	-0.0108	34.1428
110.7239	0.1090	33.4085
110.4177	0.1805	31.3163
110.3247	0.2182	29.9894
110.2631	0.2411	28.5249
110.1957	0.1436	25.1476
110.2053	0.0996	23.3057
110.2145	0.0501	21.4777
110.3239	-0.0808	17.2487
110.3293	-0.1766	15.3643
110.3310	-0.2833	13.5415
110.4165	-0.5220	9.9970
110.4458	-0.6394	8.3347
110.4423	-0.8189	6.8408
110.4362	-1.1630	4.2259
110.3974	-1.3242	3.1414
110.3619	-1.4855	2.1915
110.3039	-1.8156	0.6727
110.3022	-1.9461	0.1243
110.2922	-2.1229	-0.4330
110.2445	-2.2991	-0.6428
110.1814	-2.4195	-0.5561
110.1285	-2.5357	-0.3386
110.0018	-2.7007	0.5241
109.9462	-2.7782	1.1562
109.8726	-2.8629	1.9127
109.7080	-2.9859	3.8933
109.7300	-3.0453	4.9107
109.7369	-3.0912	6.1017
109.9461	-3.1907	8.7628
110.0078	-3.2009	10.1444
110.1113	-3.1827	11.5319
110.2933	-3.2062	14.5246
110.3470	-3.2010	16.2054
110.4298	-3.1895	17.8874
110.5449	-3.0811	21.6521
110.6641	-3.0930	23.4336
110.6874	-2.9848	25.5371
110.6695	-2.7897	29.7476
110.6583	-2.6476	32.1550
110.5887	-2.4920	34.2628
110.4948	-2.0942	38.2043
110.4743	-1.8840	39.9744
110.4008	-1.6272	41.6468
110.3153	-1.1075	44.4438
110.2463	-0.8778	45.5741
110.1455	-0.6235	46.5290
109.9362	-0.2170	47.8690
109.8420	-0.0225	48.2320
109.7307	0.1824	48.4204
109.5389	0.6161	48.0318
109.4821	0.8210	47.4694
109.4108	1.0003	46.7089
109.3275	1.1448	44.4030
109.3535	1.1144	42.5242
109.3233	1.0809	40.6261
109.2599	0.9481	36.4736
109.2743	0.8673	34.3249
109.3614	0.7943	31.9825
109.4363	0.6584	27.1807
109.4552	0.5314	24.3375
109.4864	0.4306	21.8204
109.4672	0.1554	16.8816
109.4517	0.0220	14.4459
109.4225	-0.1307	12.0761
109.4188	-0.4338	7.5929
109.3709	-0.6205	5.5784
109.3451	-0.8042	3.7069
109.3161	-1.2466	0.4868
109.2808	-1.4870	-0.8202
109.2462	-1.7547	-2.1100
109.2044	-2.2261	-3.6609
109.1685	-2.4362	-4.0986
109.1025	-2.6222	-4.3024
108.9785	-2.8691	-4.1789
108.8915	-2.9839	-3.8501
108.8017	-3.0755	-3.3484
108.7572	-3.3110	-1.9827
108.7843	-3.3884	-1.1218
108.7816	-3.4347	-0.0777
108.9300	-3.5228	2.4567
108.9841	-3.4918	3.8136
109.1085	-3.4565	5.1469
109.3325	-3.4050	8.0727
109.4166	-3.4014	9.6767
109.5013	-3.3815	11.3675
109.7083	-3.3812	14.9625
109.8069	-3.3431	16.9590
109.9154	-3.3375	18.9766
110.0474	-3.2681	23.3129
110.0901	-3.1563	26.0477
110.1575	-3.0864	28.3345
110.2119	-2.8658	33.1801
110.2474	-2.7239	35.5130
110.2338	-2.5489	37.8505
110.3474	-2.2092	42.0353
110.3671	-2.0114	44.0391
110.3942	-1.8084	45.8648
110.3458	-1.3135	49.0933
110.2492	-1.0691	50.5031
110.1321	-0.8123	51.6938
109.9582	-0.2904	53.5420
109.8654	-0.0440	54.0161
109.7784	0.2146	54.2418
109.6477	0.7191	53.8838
109.6094	0.9570	53.3093
109.6231	1.1810	52.4111
109.6081	1.4764	49.6963
109.6319	1.4436	47.5730
109.6074	1.4591	45.5246
109.5681	1.3755	40.9837
109.5756	1.2771	38.0558
109.5586	1.2084	35.4981
109.4651	1.0635	30.2240
109.4441	0.9665	27.4780
109.4410	0.8875	24.6502
109.3855	0.6360	19.0360
109.3264	0.5020	16.2957
109.3455	0.3834	13.5436
109.3060	0.0963	8.3084
109.2847	0.0359	7.4773
109.2546	-0.2564	3.4935
109.1706	-0.6879	-1.0572
109.1145	-0.9229	-2.8466
109.1005	-1.1472	-4.4633
109.0243	-1.6783	-7.0070
109.0117	-1.9070	-7.9690
108.9499	-2.1358	-8.6411
108.8334	-2.6071	-9.2253
108.7770	-2.7952	-9.1366
108.7323	-2.9725	-8.8298
108.6764	-3.2561	-7.4965
108.6873	-3.4003	-6.5861
108.6544	-3.5499	-5.4112
108.6420	-3.7303	-2.6107
108.6530	-3.7626	-1.0562
108.6904	-3.7886	0.5845
108.8623	-3.6609	4.0631
108.9677	-3.5502	5.9204
109.1175	-3.4589	7.8249
109.4321	-3.3396	11.7761
109.5639	-3.2953	13.8484
109.6734	-3.2026	16.3374
109.8672	-3.0524	20.6412
109.9658	-3.0068	22.7361
110.0473	-2.9422	24.9059
110.2704	-2.7853	29.0807
110.3246	-2.6503	31.2009
110.4367	-2.5649	33.1254
110.4041	-2.2556	37.2114
110.4019	-2.0701	39.0614
110.4155	-1.8780	40.7637
110.3425	-1.4177	44.1029
110.2542	-1.1910	45.4618
110.2315	-0.9404	46.5709
110.1107	-0.4224	48.2272
110.0687	-0.1954	48.7222
109.9700	0.0702	48.9717
109.8709	0.5615	48.6637
109.8277	0.8004	48.1029
109.7614	1.0421	47.2255
109.6099	1.4291	44.7287
109.5574	1.4766	42.4096
109.5272	1.4823	40.0964
109.4609	1.3715	34.9688
109.4565	1.3000	32.2540
109.4470	1.2424	29.4744
109.3869	1.0831	23.8653
109.3815	0.9795	21.0313
109.3892	0.8667	18.2176
109.3833	0.6221	12.7195
109.3535	0.4782	10.0622
109.3490	0.3208	7.4869
109.3451	-0.0364	2.2583
109.3209	-0.2129	0.0598
109.3062	-0.4139	-1.9712
109.3061	-0.8042	-5.6407
109.2812	-0.9848	-7.1759
109.2370	-1.1770	-8.4980
109.1654	-1.5287	-10.6323
109.1354	-1.7212	-11.3867
109.0790	-1.9160	-11.9007
109.0011	-2.3020	-12.3407
108.9698	-2.5076	-12.2488
108.9413	-2.6691	-11.9559
108.8745	-3.0333	-10.6622
108.8488	-3.1934	-9.6799
108.8473	-3.3535	-8.4891
108.9536	-3.4640	-5.7594
108.9934	-3.4721	-4.2302
109.0580	-3.4573	-2.6643
109.1996	-3.3851	0.6545
109.2781	-3.3464	2.4026
109.3519	-3.3088	4.5374
109.5596	-3.2310	8.3423
109.6188	-3.1432	10.4311
109.7521	-3.1400	12.3870
109.9262	-3.0146	16.5004
109.9789	-2.9234	18.6432
110.0867	-2.8502	20.6580
110.2229	-2.6627	24.7116
110.2824	-2.5508	26.6638
110.3012	-2.4074	28.6642
110.3100	-2.0819	32.6975
110.3407	-1.9740	34.3592
110.2975	-1.7736	36.0013
110.2475	-1.3939	38.8038
110.1928	-1.1829	39.9741
110.1194	-0.9642	40.9851
109.9828	-0.5212	42.3596
109.8870	-0.2989	42.7323
109.7595	-0.0919	42.8875
109.5693	0.3490	42.4249
109.4766	0.5690	41.7903
109.3700	0.7948	40.7202
109.2356	1.0096	37.8911
109.2626	0.9756	35.8459
109.2628	0.9533	33.7394
109.3969	0.8592	29.0666
109.4340	0.7945	26.6624
109.4622	0.7494	24.1757
109.5432	0.6572	19.0847
109.5754	0.5903	16.4966
109.5992	0.5299	13.8756
109.6545	0.3280	8.3096
109.6493	0.2248	5.8078
109.6583	0.1239	3.3698
109.6326	-0.1278	-1.2194
109.6320	-0.2882	-3.3525
109.6274	-0.4621	-5.3343
109.5631	-0.7965	-8.9010
109.4976	-0.9551	-10.4386
109.4223	-1.1104	-11.8184
109.3347	-1.4456	-14.1431
109.2719	-1.6592	-15.1635
109.2364	-1.8188	-15.8632
109.1456	-2.1699	-16.6838
109.1088	-2.3485	-16.8199
109.0569	-2.5314	-16.7283
108.9817	-2.8230	-16.0235
108.9554	-2.9736	-15.3988
108.9337	-3.1397	-14.5594
108.8900	-3.3404	-12.3608
108.8735	-3.3759	-11.0959
108.8876	-3.3667	-9.8362
108.9894	-3.3155	-7.0067
109.0655	-3.3367	-5.5487
109.1479	-3.3116	-4.0656
109.2643	-3.3404	-0.7393
109.3641	-3.3448	1.0158
109.4914	-3.3331	2.8107
109.6553	-3.2932	6.6094
109.7357	-3.2819	8.5289
109.7854	-3.2117	10.5634
109.9940	-3.0871	15.0031
110.0433	-2.9986	17.1646
110.1088	-2.8959	19.2838
110.2994	-2.6774	23.3508
110.3899	-2.5959	25.2624
110.3934	-2.4499	27.2452
110.4000	-2.1456	30.9785
110.3983	-1.9568	32.6917
110.4009	-1.7936	34.2830
110.3691	-1.3963	37.0098
110.3379	-1.1633	38.0960
110.2666	-0.9031	39.1564
110.1411	-0.4744	40.3436
110.0510	-0.2595	40.6338
109.9786	-0.0412	40.6785
109.7780	0.3913	40.0693
109.6964	0.6041	39.3718
109.5468	0.8209	38.1444
109.4201	0.9767	35.7828
109.3642	1.0069	33.9609
109.3163	1.0053	31.9225
109.2978	0.9591	26.9419
109.3309	0.9421	24.4313
109.3195	0.8699	21.9327
109.3092	0.7462	16.7655
109.3338	0.6804	14.1472
109.3224	0.5881	11.5999
109.3434	0.3854	6.6330
109.3406	0.2827	4.2707
109.3470	0.1610	1.9881
109.3628	-0.1394	-2.2365
109.3663	-0.3123	-4.1464
109.3932	-0.5012	-6.2322
109.3474	-0.8224	-9.3106
109.3330	-0.9654	-10.6618
109.2641	-1.1196	-11.8095
109.2392	-1.3977	-13.7905
109.2186	-1.5488	-14.5754
109.1804	-1.7037	-15.1892
109.1003	-2.0611	-15.9052
109.0376	-2.2459	-15.9690
108.9631	-2.4065	-15.8405
108.9175	-2.7194	-15.0522
108.8959	-2.8577	-14.3916
108.8621	-3.0194	-13.5260
108.8526	-3.2417	-11.3618
108.8409	-3.2934	-10.0757
108.8489	-3.3047	-8.7388
108.9220	-3.2829	-5.9593
108.9407	-3.2573	-4.4797
109.0064	-3.2402	-2.9599
109.1818	-3.1661	0.2039
109.2897	-3.0846	2.1791
109.4305	-3.0571	3.8743
109.6493	-2.9616	7.3120
109.7494	-2.9197	9.0742
109.8655	-2.8507	10.8364
110.0721	-2.7340	14.3454
110.0944	-2.6525	16.2375
110.1660	-2.5793	17.9942
110.2214	-2.3791	21.5072
110.2331	-2.2401	23.1606
110.2316	-2.1154	24.7530
110.1633	-1.7841	27.9487
110.1270	-1.6539	29.2649
110.0477	-1.4953	30.5000
