24.5704	-3.2584	57.0148
24.5441	-3.2542	57.0164
24.5191	-3.2507	57.0152
24.4939	-3.2460	57.0134
24.4671	-3.2420	57.0112
24.4412	-3.2390	57.0076
24.4152	-3.2360	57.0039
24.3875	-3.2340	56.9996
24.3598	-3.2327	56.9945
24.3316	-3.2315	56.9883
24.3022	-3.2308	56.9831
24.2715	-3.2305	56.9780
24.2399	-3.2301	56.9722
24.2075	-3.2298	56.9669
24.1750	-3.2300	56.9622
24.1413	-3.2305	56.9570
24.1069	-3.2314	56.9520
24.0743	-3.2325	56.9456
24.0405	-3.2326	56.9413
24.0063	-3.2337	56.9366
23.9723	-3.2334	56.9323
23.9369	-3.2335	56.9278
23.9024	-3.2337	56.9225
23.8669	-3.2342	56.9162
23.8312	-3.2342	56.9118
23.7961	-3.2356	56.9059
23.0025	-3.0907	59.1370
23.0987	-3.0829	59.4769
23.1686	-3.0737	59.8436
23.2550	-3.0377	60.8148
23.2748	-3.0134	61.1769
23.3676	-2.9393	62.0445
23.6506	-2.8325	63.2687
23.9520	-2.7359	64.3658
24.1050	-2.6894	64.9510
24.6008	-2.5636	66.8435
24.8982	-2.5119	67.8483
25.2172	-2.4481	68.8912
25.8568	-2.3578	71.0907
26.2090	-2.3235	72.2424
26.5996	-2.3068	73.3975
27.4088	-2.2620	75.8706
27.7843	-2.2178	77.2181
28.1678	-2.1722	78.6575
29.0642	-2.1641	81.6269
29.7170	-2.1530	83.7382
30.0444	-2.1537	84.8153
30.9126	-2.1776	87.8480
31.3698	-2.1924	89.6066
31.9520	-2.1772	92.0235
32.5686	-2.1121	95.2273
32.9922	-2.0327	97.9573
33.1855	-1.9906	99.3422
33.7069	-1.8010	103.7605
33.9310	-1.7444	105.8854
34.2361	-1.6468	108.6476
34.5081	-1.6293	111.8579
34.6631	-1.5087	114.5895
34.7368	-1.4403	116.0194
34.9724	-1.2662	120.4411
35.1897	-1.2707	122.6804
35.6008	-1.3415	125.6725
36.2824	-1.3823	129.5199
36.7643	-1.4105	131.8349
37.2296	-1.3875	134.1992
38.1098	-1.3583	138.5931
38.5499	-1.3199	141.0576
39.1148	-1.2536	144.3697
39.7659	-1.1568	148.5324
40.3033	-1.0756	151.9147
40.5814	-1.0390	153.6474
41.3020	-0.9361	158.7177
41.5947	-0.8727	161.1403
41.9776	-0.8042	164.3373
42.4507	-0.7242	168.1996
42.7101	-0.6993	170.4188
42.9508	-0.6848	172.4453
43.7026	-0.6672	176.3253
44.3156	-0.6378	178.2794
45.1239	-0.5929	-179.7382
47.1321	-0.4617	-175.7453
48.2267	-0.3822	-173.8763
49.4210	-0.2919	-172.0436
51.8055	-0.0618	-168.4939
53.1284	0.0394	-166.4862
54.8653	0.2485	-163.8816
56.9733	0.5538	-160.9333
58.4193	0.7301	-159.0259
59.9512	0.9133	-157.1366
63.3745	1.3683	-153.1734
65.4513	1.5382	-150.7211
67.5582	1.7776	-148.3902
73.1035	2.1130	-141.4720
74.7372	2.1959	-139.3969
77.2012	2.3366	-136.2063
82.1198	2.6239	-129.7288
84.5913	2.7202	-126.4278
87.1087	2.8076	-123.0638
92.0665	2.9238	-116.2967
94.5184	2.9585	-112.8722
96.9310	3.0275	-109.4885
101.1717	3.0696	-103.2659
104.0165	3.1335	-98.8029
105.3490	3.1439	-96.5878
109.0860	3.2550	-90.1110
110.7995	3.2792	-86.8937
112.4039	3.3501	-83.7404
115.2721	3.4568	-77.5287
116.9107	3.5612	-73.5005
117.6617	3.5861	-71.4838
120.0295	3.7504	-64.7764
120.6677	3.8261	-62.9819
121.8184	3.9650	-59.5517
123.0371	4.1930	-55.3298
123.8186	4.4323	-52.0057
124.1238	4.5190	-50.3813
125.1787	4.6065	-45.2776
125.7460	4.5348	-42.5756
126.5068	4.4689	-38.9551
127.3774	4.4307	-34.3565
127.9143	4.4060	-31.1091
128.2738	4.3991	-29.2846
129.4992	4.5821	-23.0640
129.8314	4.6086	-21.3132
130.3717	4.7748	-17.9085
131.0688	4.9740	-12.9138
131.2809	5.0597	-11.2920
131.5247	5.1734	-8.9114
131.7884	5.4041	-4.3892
131.7789	5.5410	-1.5103
131.7101	5.5835	-0.1340
131.1897	5.6214	4.4843
131.0353	5.5713	5.8034
130.8760	5.5398	7.7257
130.8981	5.4659	11.8036
131.6168	5.6148	14.5389
131.9454	5.5556	15.8174
133.5176	5.7576	20.0690
134.0976	5.8326	21.3076
135.0647	5.9658	23.1812
137.2353	6.2047	26.7039
138.3810	6.3450	28.4557
139.5866	6.4886	30.1799
142.3009	6.7982	33.7462
143.8456	6.9685	35.7106
146.0672	7.2096	38.2317
148.9970	7.5025	41.5550
150.8046	7.6860	43.6150
152.6715	7.8688	45.6167
157.3050	8.2723	50.8214
158.6443	8.4041	52.3682
160.6658	8.5872	54.6780
164.8225	8.9025	59.3883
166.9055	9.0468	61.8313
169.6043	9.2176	65.1553
172.8740	9.4286	69.2804
174.4914	9.5004	71.4179
176.4138	9.6799	74.3732
-179.7231	9.8824	79.6877
-177.7684	9.9057	82.2811
-175.1663	10.0241	85.9918
-171.2581	10.0633	91.3468
-169.9493	10.0305	93.1412
-167.9209	10.0030	95.9038
-162.9779	9.8162	102.7119
-161.5258	9.7636	104.7556
-159.3092	9.7264	107.9900
-154.9477	9.6329	114.7399
-152.8072	9.6057	118.3649
-150.7769	9.5410	121.9061
-146.9759	9.4732	129.1666
-145.2155	9.4239	132.8017
-143.6008	9.3739	136.4320
-140.6945	9.2286	143.5981
-139.6510	9.1703	146.5196
-138.5204	9.0854	150.0367
-136.5879	8.8640	156.8687
-135.5142	8.7281	161.3052
-135.0490	8.6746	163.4295
-134.0065	8.5952	169.5052
-133.7201	8.5760	172.3544
-133.5659	8.5047	176.0108
-133.6439	8.4014	-179.6913
-133.8372	8.2950	-177.2895
-133.9607	8.1413	-174.8421
-133.8920	7.7246	-169.8607
-133.4764	7.5101	-166.8814
-132.9216	7.3150	-163.6456
-131.9420	6.9936	-157.2554
-131.4422	6.8447	-154.0200
-130.8496	6.6671	-149.7882
-129.9800	6.3901	-143.4914
-129.7733	6.3259	-141.9694
-129.2270	6.1434	-137.8189
-128.5893	5.9670	-132.8141
-128.2157	5.8770	-129.8777
-127.8013	5.7645	-126.9366
-126.9398	5.5410	-121.1847
-126.4789	5.4166	-118.3063
-125.8875	5.3249	-114.6133
-125.1147	5.1924	-110.0151
-124.6251	5.1083	-107.2793
-124.1242	5.0456	-104.5914
-123.0087	4.8950	-99.2716
-122.4040	4.8447	-96.7010
-121.7679	4.7808	-94.1391
-120.5516	4.7954	-89.2817
-120.0002	4.8317	-86.9416
-119.4763	4.8464	-84.6016
-118.4890	4.9678	-80.2584
-118.1181	4.9715	-78.4746
-117.6021	4.9317	-75.5711
-116.9300	4.9449	-72.0661
-116.5152	4.8829	-69.8684
-116.0905	4.8020	-67.6386
-115.2156	4.6041	-62.7659
-114.6901	4.5584	-60.3327
-114.1024	4.4611	-57.8144
-112.7356	4.2809	-52.7545
-111.7677	4.1307	-49.3725
-111.2748	4.0834	-47.6804
-109.5421	3.9334	-41.8472
-109.0434	3.9221	-40.2068
-108.0832	3.8843	-36.9103
-106.9399	3.9078	-32.8470
-106.2879	3.9771	-30.3923
-105.6459	4.0153	-27.9460
-104.1953	4.1277	-22.3157
-103.8707	4.1653	-21.1769
-103.2997	4.2413	-18.8749
-102.2090	4.3935	-13.9333
-101.5672	4.4971	-10.3659
-101.2635	4.5322	-8.3617
-99.7618	4.6225	-1.2212
-99.2492	4.6285	0.9064
-98.3537	4.6161	4.0971
-96.3947	4.6189	10.3537
-95.3962	4.6441	13.5810
-94.4034	4.6536	16.6998
-92.2439	4.6889	23.8723
-91.6464	4.6623	25.9628
-90.7648	4.6770	29.1123
-88.8731	4.6675	35.4506
-87.9341	4.6587	38.6590
-86.9341	4.6616	41.7724
-84.4988	4.6003	48.7889
-83.6301	4.5687	51.0506
-82.9576	4.5130	52.8638
-81.1105	4.3480	57.7144
-80.1112	4.3119	60.8725
-79.6743	4.2890	62.2469
-78.6803	4.2277	66.7125
-78.5974	4.2040	68.2688
-78.6004	4.1914	71.0166
-78.7436	3.9928	74.4873
-78.5930	3.8943	76.7262
-78.1043	3.6676	78.8994
-76.1620	3.2003	84.4128
-75.3457	2.9925	85.8278
-74.3420	2.8216	88.2909
-71.8774	2.4702	93.3197
-70.6044	2.3377	95.9990
-69.2953	2.2225	98.6236
-66.1281	1.9362	105.0187
-65.4597	1.8816	106.4484
-63.7649	1.7144	110.2415
-61.5132	1.4358	115.1432
-59.5947	1.1422	119.1527
-58.6042	1.0041	121.2259
-55.1126	0.7219	128.9665
-54.1687	0.6727	131.2397
-52.3403	0.5710	135.7699
-50.2263	0.4779	141.2400
-48.6973	0.3617	145.3521
-48.0068	0.2654	147.1976
-45.8605	-0.0047	152.7210
-44.7383	-0.0895	155.5514
-43.7685	-0.1996	158.2736
-41.8245	-0.3531	163.8148
-40.8431	-0.4603	166.5934
-39.3507	-0.5305	170.5858
-37.1733	-0.6982	176.5704
-36.3736	-0.7746	178.9710
-35.8030	-0.7999	-179.1813
-34.8990	-0.9097	-174.3907
-34.3502	-1.0938	-172.3997
-33.1906	-1.2939	-170.1141
-29.3671	-1.6186	-164.1877
-28.1570	-1.6966	-162.5342
-26.2930	-1.7648	-159.9930
-22.8616	-1.8191	-154.6593
-21.3020	-1.8048	-151.9624
-19.6315	-1.8454	-148.9580
-16.4401	-1.8997	-142.8151
-15.0337	-1.9100	-139.8380
-13.7684	-1.9359	-136.9769
-11.4304	-2.0326	-131.6263
-10.2511	-2.2133	-128.9801
-9.0976	-2.3281	-126.4030
-6.9114	-2.4542	-120.9922
-5.9633	-2.5453	-118.5908
-4.8498	-2.5994	-115.7777
-2.6335	-2.7840	-110.0226
-1.2644	-2.9185	-106.2639
-0.6357	-2.9732	-104.4491
0.9898	-3.0975	-99.2705
1.5147	-3.0508	-96.8793
1.8488	-2.9904	-94.6009
3.0815	-3.1808	-89.3525
4.7044	-3.4774	-85.3187
6.2323	-3.6511	-82.3288
9.5754	-3.7475	-76.4252
10.6306	-3.7828	-74.3650
12.2344	-3.8430	-71.2353
15.5209	-3.8947	-64.9228
17.2237	-3.8546	-61.9339
18.8627	-3.7361	-58.9785
21.8498	-3.4709	-53.4672
23.2030	-3.3007	-50.8521
24.6382	-3.1415	-47.9263
26.3867	-3.0129	-43.7601
27.6798	-2.8885	-40.5470
28.2879	-2.8664	-38.9747
30.2969	-2.7158	-33.4064
30.8097	-2.6694	-31.6524
31.8965	-2.5360	-28.2274
33.3490	-2.3799	-24.0701
34.5835	-2.2591	-21.0342
35.1707	-2.1901	-19.5584
36.7747	-1.9889	-15.5320
37.2556	-1.8704	-13.4681
37.4841	-1.8169	-10.8913
38.8995	-1.8119	-5.5678
40.1937	-1.7667	-3.0848
41.5109	-1.6612	-0.5743
44.1650	-1.4202	4.4115
45.4002	-1.2749	7.0149
46.4365	-1.1682	9.1872
49.1054	-0.8920	14.3975
50.5053	-0.7512	16.9132
52.4363	-0.5526	20.2599
55.4482	-0.2705	25.1030
56.4590	-0.1632	26.6495
57.9256	0.0030	29.0905
60.9254	0.3035	33.7525
62.4546	0.4612	36.1349
64.0347	0.6304	38.3861
67.1070	0.9576	42.7921
68.6430	1.1043	44.9215
70.1518	1.2608	46.9977
73.2253	1.5161	50.9464
74.7603	1.6485	52.8402
76.2757	1.8013	54.6642
79.2600	2.0932	58.1839
80.6769	2.2447	59.8843
81.7950	2.3613	61.2463
84.4141	2.6096	64.3500
85.6905	2.7339	65.8544
86.9446	2.8684	67.4308
89.7320	3.1232	71.1369
90.5347	3.1804	72.2981
91.7422	3.2580	73.9181
94.2472	3.4612	77.2978
95.5217	3.6155	79.0960
96.7817	3.7658	80.7341
99.2178	4.0787	84.0613
100.3938	4.2444	85.6406
101.5477	4.4219	87.1741
103.6293	4.7699	89.8964
104.4491	4.9134	91.0339
105.2352	5.0858	92.4186
105.9844	5.2706	94.1401
106.1295	5.3188	94.5484
106.2167	5.3773	94.9575
105.9093	5.5290	95.5957
105.5799	5.5779	95.6055
105.1035	5.6096	95.4508
103.6888	5.6225	94.7511
103.1022	5.6209	94.4191
101.7823	5.6089	93.5587
99.8182	5.5620	92.0763
97.9693	5.5020	90.6380
96.9659	5.4679	89.8229
92.9979	5.3235	86.4681
91.7129	5.2499	85.3121
89.6532	5.1074	83.4059
84.9959	4.7189	79.0542
82.3977	4.4535	76.5959
79.6386	4.1224	73.9610
72.6486	3.1575	67.2917
70.5220	2.8432	65.3001
66.7204	2.2412	61.8040
61.0072	1.4009	56.6749
56.2557	0.6388	52.6229
52.5673	0.0821	49.5765
44.9288	-0.9813	43.6600
42.3372	-1.3377	41.7276
38.3694	-1.8549	38.7998
30.2832	-2.7678	33.2781
24.7421	-3.1744	29.7283
20.5929	-3.4099	27.1988
13.8891	-3.7073	22.9988
9.8951	-3.8302	20.5008
5.9129	-3.9017	17.9905
-2.3783	-3.8863	12.9307
-6.6038	-3.8377	10.3704
-12.3960	-3.6781	6.9164
-21.3019	-3.3091	1.4691
-24.3489	-3.1181	-0.3795
-28.2399	-2.8606	-2.7284
-37.6539	-2.1310	-8.5302
-42.4187	-1.7326	-11.5165
-48.7866	-1.1191	-15.5392
-58.2480	-0.0758	-21.5950
-62.9717	0.4465	-24.6478
-66.1048	0.8131	-26.6661
-75.3465	1.9013	-32.7257
-79.8850	2.4135	-35.7368
-85.7891	3.1174	-39.6685
-93.0420	3.9029	-44.5046
-97.1073	4.3423	-47.2694
-100.9661	4.8918	-50.4318
-109.1935	5.7615	-56.5997
-113.3763	6.1693	-59.5324
-117.5187	6.4895	-62.4821
