-83.9356	-2.9150	57.2944
-83.9267	-2.9149	57.2964
-83.9183	-2.9157	57.2996
-83.9103	-2.9154	57.3034
-83.9013	-2.9158	57.3057
-83.8931	-2.9160	57.3083
-83.8848	-2.9155	57.3111
-83.8767	-2.9146	57.3142
-83.8699	-2.9139	57.3192
-83.8652	-2.9128	57.3261
-83.8592	-2.9123	57.3319
-83.8541	-2.9124	57.3352
-83.8498	-2.9127	57.3400
-83.8451	-2.9134	57.3429
-83.8425	-2.9133	57.3477
-83.8390	-2.9143	57.3512
-83.8357	-2.9140	57.3568
-83.8338	-2.9126	57.3641
-83.8302	-2.9124	57.3692
-83.8277	-2.9122	57.3758
-83.8246	-2.9121	57.3816
-83.8204	-2.9112	57.3905
-83.8146	-2.9120	57.3973
-83.8102	-2.9127	57.4060
-83.8065	-2.9122	57.4139
-83.8011	-2.9127	57.4211
-89.9935	-4.3367	55.7878
-90.8337	-4.4876	55.5816
-91.7243	-4.6803	55.2360
-93.8353	-5.0914	54.6335
-95.0458	-5.2928	54.3481
-96.3320	-5.4966	54.0308
-99.0980	-5.9391	53.4303
-100.5928	-6.1887	53.0021
-102.1692	-6.4438	52.6169
-105.5442	-6.9842	51.8093
-107.3425	-7.2693	51.3540
-109.2184	-7.5615	50.9207
-113.2429	-8.1360	50.1109
-115.3827	-8.4382	49.7052
-117.6202	-8.7423	49.3418
-122.3905	-9.3194	48.7595
-124.9036	-9.6220	48.4513
-127.5444	-9.9014	48.3046
-133.0952	-10.4591	47.9400
-136.0076	-10.7147	47.8400
-139.0514	-10.9521	47.9358
-145.4606	-11.3909	48.3711
-148.8809	-11.6152	48.6676
-152.4466	-11.8445	49.4210
-159.6615	-12.2085	50.9742
-163.2122	-12.3838	51.5551
-166.6840	-12.4620	52.3968
-173.4331	-12.6798	52.8964
-176.9491	-12.7603	53.2446
179.4277	-12.7879	53.7084
172.1285	-12.6809	55.1182
168.5240	-12.5963	55.6933
164.8798	-12.4985	55.8544
157.4503	-12.1402	56.9400
153.7224	-11.8843	57.1864
150.0441	-11.6092	57.6924
142.9156	-11.0236	58.3537
139.4036	-10.6775	58.5252
135.9464	-10.3359	58.7417
129.1671	-9.5713	59.1873
125.9016	-9.1417	59.5739
122.7885	-8.7318	59.9285
117.0734	-8.0840	59.7652
114.1674	-7.7398	59.6171
111.1110	-7.3401	59.4346
105.0905	-6.5804	58.9528
102.0042	-6.1755	58.7646
98.8731	-5.7770	58.4675
92.3978	-4.9489	57.9097
89.0598	-4.5242	57.5329
85.6739	-4.0987	57.1289
78.7581	-3.2617	56.2578
73.9841	-2.7077	55.6105
71.4917	-2.4372	55.2621
63.7101	-1.5442	54.1143
59.7178	-1.1075	53.4807
55.6329	-0.6876	52.8684
47.2673	0.1622	51.4716
43.0217	0.5932	51.1060
36.0866	1.2042	49.8590
30.6467	1.5984	48.8791
26.4997	1.8463	47.9793
19.3728	2.2330	46.5897
13.6323	2.5051	45.6833
9.4046	2.6526	44.7191
5.2295	2.7717	43.8596
-3.2148	2.8130	41.8931
-7.4785	2.7667	40.9555
-11.7762	2.7171	40.3497
-20.1627	2.4188	38.6100
-24.3297	2.1743	37.8615
-28.5201	1.9260	37.1717
-36.9995	1.3693	36.1894
-41.2596	1.0535	35.9133
-45.5053	0.7463	35.7691
-53.9394	-0.0093	35.5319
-58.1439	-0.4492	35.4976
-65.0761	-1.1891	35.5467
-70.5629	-1.8256	35.6566
-74.6840	-2.3182	35.7907
-78.7911	-2.8395	35.9593
-86.9452	-3.8519	36.4124
-90.9455	-4.3372	36.6844
-94.8858	-4.8649	36.9540
-102.8712	-5.8204	37.4073
-108.1525	-6.5085	37.7675
-110.7934	-6.8242	37.9717
-118.5862	-7.7207	38.7384
-122.3901	-8.1239	39.1502
-126.1337	-8.4715	39.6284
-133.4472	-9.0799	40.7353
-138.2257	-9.4757	41.4276
-140.6032	-9.6800	41.7587
-147.7403	-10.2481	42.7689
-151.3159	-10.4875	43.3185
-154.8933	-10.6939	43.9356
-162.1107	-10.9760	45.2713
-166.8946	-11.1093	46.2217
-169.2767	-11.1633	46.5939
-176.3548	-11.2466	47.8683
-179.8485	-11.2487	48.5424
176.6995	-11.2132	49.1379
169.8954	-11.0704	50.4809
166.5340	-10.9616	50.8363
163.1880	-10.8253	51.0010
156.5915	-10.5004	51.7687
153.3334	-10.3096	51.7383
150.0757	-10.0981	51.7908
143.6052	-9.6295	51.8004
140.3753	-9.3538	51.7850
137.1644	-9.0630	51.8790
130.8162	-8.4721	51.6408
127.6383	-8.1480	51.5758
123.9340	-7.7501	51.4360
117.5945	-7.0356	51.0874
114.4224	-6.6680	50.9087
111.2341	-6.2923	50.6367
104.7682	-5.4785	50.1539
101.5304	-5.0602	49.8271
98.2809	-4.6417	49.4854
91.7354	-3.8091	48.7746
88.4362	-3.3869	48.3660
85.1384	-2.9638	47.9629
78.5108	-2.1008	47.0815
75.2100	-1.6853	46.6633
71.8973	-1.2690	46.2651
65.3324	-0.4565	45.2298
62.0749	-0.0647	44.8710
58.8686	0.2969	44.2169
52.4504	0.9871	43.1218
49.2315	1.3315	42.6555
46.0790	1.6538	42.2460
39.9821	2.2217	41.7933
36.1743	2.5592	41.5624
34.4028	2.7153	41.4838
29.6273	3.1150	41.2714
27.5400	3.2758	41.1738
25.6522	3.4114	41.1150
22.4942	3.6978	41.0955
21.1916	3.8430	41.1814
20.1654	3.9831	41.2159
18.4198	4.1909	41.4303
17.9058	4.2294	41.5147
17.5695	4.2861	41.6103
17.4351	4.3387	41.7811
17.6097	4.3409	41.8409
17.8914	4.3394	41.9394
18.7999	4.2944	42.1915
19.4377	4.2648	42.3583
20.2196	4.2336	42.5737
22.2800	4.1555	43.1110
23.5887	4.1178	43.4628
25.1255	4.0903	43.8497
28.8054	3.9797	44.6979
30.9146	3.8712	44.9564
33.1825	3.7254	45.1833
38.0465	3.3639	45.6051
40.5965	3.1437	45.8715
43.1959	2.8995	46.2036
48.3945	2.3705	46.9766
51.0045	2.0936	47.4728
53.6108	1.8026	47.9805
58.8922	1.1664	49.1258
61.5429	0.8583	49.7499
64.2648	0.5682	50.3536
69.8716	-0.0663	51.5378
72.6704	-0.3688	52.1543
75.3947	-0.6610	52.7803
80.6447	-1.2210	54.0775
83.1723	-1.5063	54.7285
85.6353	-1.7889	55.3892
90.3699	-2.3259	56.6901
92.6413	-2.5956	57.3243
94.8371	-2.8622	57.9700
99.0653	-3.3462	59.3447
101.1072	-3.5624	60.0969
103.1045	-3.7645	60.8886
107.0649	-4.1593	62.5863
108.9977	-4.3499	63.4986
110.9055	-4.5349	64.4641
114.6316	-4.8736	66.5876
116.4463	-5.0264	67.7154
118.2206	-5.1575	68.9474
121.6419	-5.3780	71.6245
123.8465	-5.5104	73.4898
124.9506	-5.5758	74.4664
128.0623	-5.7421	77.4912
129.5363	-5.8320	79.0479
130.9636	-5.8992	80.6776
133.6201	-6.0265	84.0228
134.8283	-6.1054	85.7351
135.9757	-6.1672	87.5278
138.0556	-6.2690	91.2737
138.9989	-6.3278	93.1810
139.8470	-6.3827	95.2203
141.2608	-6.4932	99.2148
142.0177	-6.5524	102.0588
142.3100	-6.5991	103.4559
142.9432	-6.7347	107.8566
143.1085	-6.7879	110.1945
143.1735	-6.8595	112.5893
143.0247	-6.9583	117.5689
142.8031	-7.0078	120.2500
142.2062	-7.0886	124.7687
141.4917	-7.1465	128.6783
140.8361	-7.1932	131.7722
140.0752	-7.2499	134.8773
138.2105	-7.3370	141.4799
137.1285	-7.3740	144.8893
135.9310	-7.4042	148.3123
133.2203	-7.4340	155.2933
131.6958	-7.4224	158.8103
130.0500	-7.4162	162.3370
126.4612	-7.3175	169.3243
124.5269	-7.2580	172.8170
121.1303	-7.0934	178.5688
118.2617	-6.9630	-176.9065
115.9972	-6.8432	-173.5523
113.6758	-6.6911	-170.2473
108.8591	-6.3672	-163.7327
106.3715	-6.1963	-160.5112
103.8231	-5.9837	-157.4011
98.5086	-5.5309	-151.1627
95.7522	-5.2829	-148.2002
92.9202	-5.0181	-145.2888
87.0921	-4.4441	-139.6425
84.1141	-4.1530	-136.9547
81.1106	-3.8335	-134.2431
75.0059	-3.2420	-129.1405
71.8472	-2.9266	-126.6247
68.6521	-2.5951	-124.2427
62.1154	-1.9364	-119.7374
58.7960	-1.6014	-117.5497
55.4451	-1.2908	-115.4688
48.6379	-0.6658	-111.4159
45.1627	-0.3462	-109.5188
41.6844	-0.0614	-107.7038
34.6413	0.4736	-104.2095
31.0559	0.6789	-102.5928
27.4422	0.9473	-101.0243
20.1271	1.3312	-98.1060
16.4714	1.4566	-96.7567
12.8257	1.5839	-95.4122
5.4536	1.7533	-92.9169
1.7226	1.8695	-91.6913
-2.6777	1.9442	-90.3365
-10.2437	1.9574	-88.1124
-14.0326	1.9312	-87.0396
-17.8157	1.8725	-85.9735
-25.4515	1.7593	-83.9032
-29.2776	1.6515	-82.9137
-33.0882	1.5224	-81.9407
-40.7081	1.1780	-80.0004
-47.0505	0.8106	-78.3722
-48.3111	0.7256	-78.0462
-55.8945	0.1507	-76.0390
-59.6671	-0.1716	-74.9980
-63.4123	-0.5290	-73.9302
-70.8635	-1.2796	-71.6794
-74.5682	-1.6826	-70.4896
-78.2802	-2.0928	-69.2559
-85.6845	-2.9329	-66.6135
-89.3759	-3.3557	-65.2117
-93.0420	-3.7861	-63.7701
-100.2941	-4.6632	-60.7292
-105.0701	-5.2574	-58.5856
-107.4316	-5.5448	-57.5258
-114.4464	-6.3623	-54.2683
-117.8991	-6.7522	-52.5869
-121.3472	-7.1247	-50.8892
-128.1850	-7.8169	-47.4537
-131.5845	-8.1370	-45.7134
-134.9370	-8.4362	-43.9742
-141.5383	-8.9668	-40.4776
-144.8194	-9.2014	-38.7402
-148.0782	-9.4076	-37.0225
-154.5163	-9.7807	-33.5958
-157.6909	-9.9219	-31.8934
-160.8492	-10.0371	-30.2135
-167.0616	-10.2015	-26.9660
-170.1301	-10.2497	-25.3524
-173.1594	-10.2702	-23.9569
-179.1901	-10.2656	-20.8738
177.8830	-10.2205	-19.7663
175.0158	-10.1475	-19.0449
169.3029	-9.9788	-16.8740
166.5135	-9.8601	-16.2575
161.9182	-9.6232	-15.2150
158.2897	-9.4176	-14.4242
155.5998	-9.2392	-13.8660
152.9324	-9.0603	-13.3249
147.6770	-8.6693	-12.3355
145.0774	-8.4657	-11.8753
140.7965	-8.1031	-11.1699
137.4016	-7.7907	-10.6529
134.8739	-7.5423	-10.2861
132.3618	-7.2885	-9.9454
127.3797	-6.7505	-9.3090
124.9101	-6.4632	-9.0133
122.4552	-6.1615	-8.7367
117.6094	-5.5498	-8.2437
114.4185	-5.1331	-7.9639
112.8294	-4.9259	-7.8381
108.0900	-4.3104	-7.5080
105.7573	-3.9965	-7.3795
103.4388	-3.6864	-7.2665
98.8382	-3.0640	-7.0669
96.5476	-2.7579	-6.9691
94.2797	-2.4530	-6.8845
89.7909	-1.8507	-6.7388
87.5830	-1.5478	-6.6960
85.3918	-1.2545	-6.7047
81.0524	-0.6756	-6.7141
78.9241	-0.3911	-6.7899
76.8081	-0.1197	-6.8558
72.6765	0.4066	-7.0492
70.6353	0.6644	-7.2226
68.6256	0.9149	-7.3964
64.6808	1.3835	-7.8614
62.7616	1.6025	-8.1475
60.8705	1.8113	-8.4246
57.1725	2.2060	-9.1699
55.3598	2.3868	-9.5124
53.5884	2.5665	-9.9262
50.1236	2.8958	-10.7926
48.4245	3.0454	-11.2395
46.7494	3.1914	-11.7320
43.4830	3.4634	-12.6875
41.8818	3.5965	-13.2447
40.3081	3.7199	-13.7902
37.1791	3.9593	-14.8528
35.6288	4.0739	-15.3826
34.0857	4.1884	-15.8896
30.9738	4.4169	-16.9388
29.4094	4.5289	-17.4488
26.7567	4.6992	-18.2237
24.6116	4.8287	-18.7956
22.9835	4.9264	-19.1822
21.3144	5.0211	-19.5743
17.9341	5.2070	-20.2978
16.2044	5.2864	-20.6276
14.4568	5.3566	-20.9423
10.8999	5.4959	-21.4781
9.0948	5.5516	-21.7487
7.2592	5.5949	-21.9492
3.5744	5.6602	-22.3259
1.6955	5.6855	-22.4619
-0.2123	5.7096	-22.4802
-4.0867	5.7118	-22.0812
-5.9802	5.7026	-21.6569
-7.8003	5.6793	-21.2180
-11.1422	5.6030	-20.3183
-12.6525	5.5502	-19.8465
-14.0565	5.4911	-19.3799
-16.5084	5.3839	-18.4092
-17.5781	5.3358	-17.9492
-18.5608	5.2864	-17.4797
-20.2826	5.2133	-16.4600
-20.9790	5.1904	-15.9631
-21.5397	5.1683	-15.4947
-22.2775	5.1253	-14.6287
-22.4616	5.1092	-14.2163
-22.5091	5.0901	-13.8286
-22.2039	5.0432	-13.1264
-21.8660	5.0257	-12.8154
-21.4079	5.0075	-12.5491
-19.9958	4.9814	-12.0437
-19.5318	4.9808	-11.8964
-18.7866	4.9849	-11.6550
-17.0749	5.0098	-11.2649
-16.1153	5.0168	-11.0431
-15.0904	5.0239	-10.8801
-12.8935	5.0433	-10.6381
-11.7397	5.0589	-10.5363
-10.5659	5.0704	-10.4413
-8.1510	5.0755	-10.1692
-6.7034	5.0844	-10.0078
-5.4288	5.0949	-9.8741
-2.8523	5.1043	-9.5727
-1.1246	5.0951	-9.3358
-0.2541	5.0964	-9.2134
2.3609	5.0884	-8.8509
3.6720	5.0787	-8.6608
5.8375	5.0544	-8.3636
7.5109	5.0241	-8.1163
8.7385	4.9999	-7.9341
9.9336	4.9770	-7.7628
12.2223	4.9232	-7.4313
13.3173	4.8889	-7.2628
14.3929	4.8585	-7.0975
16.4702	4.8013	-6.7660
17.4864	4.7751	-6.6234
18.4957	4.7405	-6.4761
20.4905	4.6528	-6.1926
21.4912	4.6076	-6.0703
22.5009	4.5541	-5.9563
24.5363	4.4303	-5.7884
25.5706	4.3605	-5.7070
26.6154	4.2842	-5.6450
