-0.0475	-0.1036	-0.0408
-0.0380	-0.0784	-0.0371
-0.0354	-0.0775	-0.0214
-0.0585	-0.0825	-0.0386
-0.0481	-0.0821	-0.0395
-0.0759	-0.0721	-0.0216
-0.0719	-0.1015	-0.0355
-0.0628	-0.1152	-0.0622
-0.0596	-0.1047	-0.1126
-0.0635	-0.0981	-0.1387
-0.0775	-0.1287	-0.1205
-0.0728	-0.1098	-0.1270
-0.0519	-0.1524	-0.1233
-0.0701	-0.1675	-0.1593
-0.0531	-0.1313	-0.2507
-0.0875	-0.0225	-0.2473
-0.1062	0.0350	-0.3439
-0.1079	0.0700	-0.1764
-0.0913	0.1798	-0.1527
-0.1495	0.1698	-0.0648
-0.1757	0.1113	0.0367
-0.1814	0.1188	0.0108
-0.0975	0.1021	-0.2539
-0.0890	0.2332	-0.3514
-0.1254	0.3470	-0.1768
-0.2702	0.2979	-0.2973
-0.0950	0.3729	-0.2325
-0.1906	0.2477	-0.2156
-0.2139	0.2247	-0.1732
-0.2899	0.3295	-0.1256
-0.2724	0.2324	-0.0895
-0.3250	0.3285	-0.0454
-0.3443	0.2347	-0.0128
-0.3792	0.0637	-0.0820
-0.5525	0.1240	-0.1174
-0.4413	0.0131	-0.1180
-0.4109	0.1541	-0.0943
-0.4960	-0.1093	-0.1520
-0.3903	-0.1216	-0.0797
-0.4074	-0.2077	0.0438
-0.4103	-0.2493	-0.2488
-0.2714	-0.2283	-0.2101
-0.3302	-0.2288	-0.2610
-0.3047	0.2316	0.0265
-0.3693	0.1519	-0.0820
-0.3618	-0.0539	-0.1448
-0.2449	0.0315	0.1155
-0.3429	0.1099	0.0584
-0.2728	0.1549	0.1009
-0.3245	0.2607	0.0584
-0.3980	0.1213	0.1611
-0.4400	0.1858	0.0490
-0.4304	0.1679	0.2087
-0.4033	0.1094	0.2659
-0.5404	0.2649	0.1481
-0.5723	0.1477	0.1665
-0.6058	0.1448	0.0499
-0.6108	0.1376	0.0481
-0.6038	0.1148	-0.0151
-0.5752	0.1252	-0.0274
-0.5272	0.2372	0.0396
-0.6451	0.0809	-0.3232
-0.7054	0.3031	-0.4343
-0.8065	0.3108	-0.2222
-0.6663	0.1087	-0.0703
-0.4887	0.0554	-0.0191
-0.6677	0.1875	-0.2539
-0.6426	0.2951	-0.2522
-0.3240	0.1980	0.1810
-0.5551	0.2535	-0.0647
-0.6940	0.2819	-0.1847
-0.5138	0.3111	0.0392
-0.4052	0.4399	-0.2482
-0.4902	0.3878	-0.0940
-0.4833	0.3930	-0.0942
-0.4372	0.2255	0.2537
-0.4409	0.3766	-0.0701
-0.3559	0.3466	-0.0198
-0.2861	0.3647	0.1106
-0.3091	0.4688	0.0241
-0.2255	0.2602	0.2119
-0.3880	0.2733	0.2410
-0.2136	0.5422	0.3031
-0.2613	0.4285	0.3197
-0.2171	0.3287	0.3043
-0.3043	0.2640	-0.1146
-0.0907	0.2025	0.1107
-0.2006	0.1798	0.0639
-0.1830	-0.0258	-0.0167
-0.2492	0.1805	-0.0833
-0.0896	0.1388	-0.0293
-0.0527	0.4055	0.0344
-0.1357	0.2078	-0.1702
-0.2020	0.3558	-0.2499
-0.2230	0.4097	-0.0646
-0.2647	0.3206	-0.2417
-0.2680	0.3154	-0.0457
-0.2842	0.1070	-0.1650
-0.4530	0.0334	-0.2323
-0.5112	0.3585	0.0552
-0.3585	0.4165	0.0021
-0.6092	0.4500	-0.0373
-0.7428	0.4298	-0.0385
-0.7017	0.4749	-0.1152
-0.7204	0.2896	-0.0760
-0.7837	0.3949	0.0273
-0.8402	0.2963	0.0508
-0.8172	0.4642	-0.2487
-0.7852	0.3545	0.0691
-0.9482	0.1630	-0.0136
-0.9379	0.2572	-0.0752
-0.9784	0.3070	-0.1833
-0.9614	0.1606	0.1138
-0.9966	0.1657	-0.1448
-1.1193	0.1477	-0.1581
-0.9726	0.1690	-0.3183
-0.8890	0.0817	-0.1756
-0.8080	0.1238	-0.2322
-0.7529	0.2549	-0.2405
-0.6477	0.1121	-0.0736
-0.6252	0.1292	-0.0544
-0.6092	0.2220	-0.0054
-0.6621	-0.0476	-0.2106
-0.5572	0.1401	-0.1346
-0.4556	0.0340	-0.1232
-0.4070	0.1404	-0.0433
-0.3744	-0.1707	-0.0008
-0.5017	-0.1502	0.1253
-0.4522	0.0903	-0.0550
-0.4833	-0.0101	-0.1290
-0.4313	0.0628	0.0006
-0.3066	0.0649	-0.1215
-0.2586	0.1583	-0.0643
-0.3617	0.2324	-0.0811
-0.3981	0.2203	-0.0826
-0.4177	0.2048	-0.0666
-0.2102	0.0355	0.1475
-0.2346	0.0789	-0.1852
-0.4672	0.1032	-0.1611
-0.2223	0.1751	-0.2704
-0.1534	0.1629	-0.1087
-0.0098	0.4106	-0.1627
-0.0399	0.1840	0.0515
0.0142	0.5595	-0.0362
-0.0647	0.3418	0.0734
-0.0399	0.3425	0.2329
-0.0345	0.1863	0.0885
-0.2804	0.2526	0.0536
-0.3234	0.4142	-0.0049
-0.2067	0.1926	0.2603
-0.2547	0.0218	0.5791
-0.1563	-0.0153	0.0765
0.0103	0.1541	0.0512
-0.1250	0.0377	-0.0149
-0.1946	0.1411	-0.0016
-0.2094	0.1436	0.0614
-0.1080	0.2186	0.0154
-0.2005	0.1944	-0.1479
-0.3115	0.1724	-0.0377
-0.2929	0.2776	0.2245
-0.4019	0.0134	-0.0887
-0.4663	0.1569	0.0898
-0.3975	0.2570	-0.0712
-0.3069	0.3489	0.0664
-0.4915	0.2013	-0.1118
-0.5006	0.4091	-0.0578
-0.5049	0.3656	0.0299
-0.5036	0.2919	-0.2837
-0.6973	0.2488	-0.0192
-0.6862	0.2894	0.0130
-0.7337	0.3053	-0.1570
-0.8543	0.0712	-0.1429
-0.9249	0.2100	-0.1421
-0.8852	-0.0402	-0.1296
-0.9445	0.1512	-0.1218
-0.9298	0.1622	-0.2821
-0.9455	0.0223	-0.3511
-0.9294	0.0207	-0.4132
-0.9241	0.2108	-0.3152
-0.9456	0.0104	-0.2308
-0.9817	0.1655	-0.4564
-0.9211	0.0347	-0.4189
-0.8121	0.0466	-0.1928
-0.8685	0.2249	-0.3280
-0.7769	0.0995	-0.4156
-0.7778	0.3046	-0.3041
-0.6744	0.1072	-0.2701
-0.6692	0.1912	-0.1609
-0.7154	0.1888	-0.0248
-0.6341	0.1428	-0.0002
-0.5557	-0.0064	-0.0677
-0.6902	0.1168	-0.0997
-0.6955	0.0105	-0.0677
-0.5039	-0.0541	-0.1032
-0.6848	0.0796	-0.1461
-0.6126	-0.0557	-0.1303
-0.6719	-0.0347	-0.0880
-0.5484	-0.0320	-0.0197
-0.4843	-0.0221	-0.1725
-0.5852	0.0140	-0.1022
-0.4340	-0.0232	-0.0435
-0.3178	0.0343	-0.0892
-0.3130	0.0940	0.0065
-0.2919	-0.0282	-0.2876
-0.3230	-0.0788	-0.1162
-0.2972	0.1012	-0.2543
-0.2140	0.0099	-0.1944
-0.2465	0.1261	-0.2656
-0.1343	-0.0388	-0.2488
-0.1054	0.1204	-0.2104
0.0663	-0.0186	-0.0266
-0.0915	0.2599	-0.1567
-0.0169	0.0879	-0.1017
-0.0482	0.2814	-0.1044
-0.1134	0.1946	-0.0782
-0.0789	0.3351	0.0099
-0.0272	0.1063	-0.0582
-0.1299	0.4113	-0.0221
-0.0767	0.0538	0.0339
-0.0851	0.2023	-0.0485
-0.0998	0.1107	0.0089
-0.1665	0.1466	-0.0226
-0.1717	0.1009	0.0059
-0.1528	0.0598	-0.0862
-0.1995	0.1024	-0.1361
-0.1757	0.2036	0.1959
-0.1913	0.0358	0.0609
-0.2526	0.1007	0.0108
-0.2751	0.0302	0.1027
-0.2942	0.0899	-0.1689
-0.3119	0.0632	0.0368
-0.2626	0.0210	0.1325
-0.2832	0.0353	0.0224
-0.3432	0.0470	-0.0503
-0.3518	-0.0740	0.1020
-0.3484	-0.0032	-0.1778
-0.4520	0.1156	-0.1403
-0.5176	0.0265	-0.1563
-0.4854	-0.0638	-0.1240
-0.4667	-0.1817	0.1193
-0.4665	0.0152	-0.1603
-0.4688	-0.0270	-0.2789
-0.5097	-0.0957	-0.0836
-0.5034	0.0568	-0.3022
-0.4258	-0.0559	-0.1541
-0.6598	0.0196	-0.2446
-0.4292	-0.0888	-0.2465
-0.5301	-0.0199	-0.0286
-0.5346	0.0267	-0.1470
-0.6163	0.0407	-0.1700
-0.6175	-0.0432	-0.1776
-0.7248	0.1821	-0.1555
-0.6486	0.0278	-0.1329
-0.6406	0.0785	-0.2129
-0.6210	0.0640	-0.1640
-0.6033	-0.1003	-0.1092
-0.6250	0.0149	-0.0455
-0.6832	0.1562	-0.1660
-0.6731	0.0371	-0.0925
-0.7673	0.1500	-0.0634
-0.7473	0.0779	-0.3201
-0.7482	0.2278	-0.3046
-0.6640	0.2530	-0.2503
-0.7339	0.1997	-0.2275
-0.6102	0.0806	-0.1512
-0.5735	-0.0803	-0.0178
-0.6423	0.0557	-0.2864
-0.6238	0.0663	-0.0398
-0.5484	0.0679	-0.2515
-0.5563	0.0328	0.0019
-0.5729	0.0939	-0.2412
-0.4973	0.1036	0.0397
-0.5636	0.1022	-0.1454
-0.5403	0.1407	-0.1940
-0.4958	0.0493	-0.1319
-0.3574	0.1160	-0.1105
-0.3362	0.1142	-0.1712
-0.3895	0.1996	-0.1188
-0.2942	0.0368	0.0683
-0.3249	0.1119	-0.2604
-0.3231	0.0475	-0.1856
-0.2815	0.2227	-0.2729
-0.3137	0.1699	-0.2114
-0.3475	0.2252	-0.2226
-0.2044	0.1621	-0.1024
-0.2022	0.0533	-0.2950
-0.2602	0.1880	-0.2027
-0.1660	0.1347	-0.1701
-0.1400	0.2350	-0.1820
-0.1844	0.1539	-0.2311
-0.2140	0.2069	-0.2611
-0.1452	0.1686	-0.1806
-0.1249	0.1165	-0.2055
-0.1727	0.1768	-0.1591
-0.1149	0.2141	-0.1201
-0.1325	0.1352	-0.1086
-0.0901	0.1891	0.0692
-0.0597	0.1400	-0.0211
-0.0039	0.1094	0.0500
-0.0916	0.0845	-0.0471
-0.0497	0.2665	-0.0264
-0.1225	0.1448	0.0652
-0.0693	0.0707	0.0018
0.0078	0.1769	-0.0210
-0.0742	0.1513	-0.1755
-0.1331	0.1990	0.0342
-0.1220	0.1118	-0.0760
-0.1488	0.1257	-0.0219
-0.1924	-0.0084	-0.0237
-0.1099	-0.0150	0.0367
-0.1163	-0.0336	-0.0226
-0.1151	-0.0445	-0.0846
-0.1249	-0.0519	-0.1440
-0.1388	-0.1006	-0.0914
-0.1803	-0.0950	-0.2257
-0.0456	-0.0897	-0.1751
-0.0579	-0.1515	-0.0350
-0.0449	-0.1818	-0.0872
-0.0094	-0.1993	-0.0323
-0.0206	-0.0833	-0.1886
-0.0377	-0.1105	-0.2497
0.0265	-0.1239	-0.2339
-0.0108	-0.1668	-0.2390
0.0549	-0.1542	-0.2627
0.0930	-0.1559	-0.2603
0.0655	-0.1860	-0.2941
0.0712	-0.1412	-0.3336
0.0635	-0.1201	-0.3074
0.1152	-0.1708	-0.3618
0.1357	-0.1442	-0.4055
0.1498	-0.1652	-0.3853
0.1653	-0.1484	-0.3955
0.1571	-0.1606	-0.4132
0.1663	-0.1621	-0.3812
0.1581	-0.1616	-0.3916
0.1377	-0.1493	-0.3529
0.1234	-0.1328	-0.3461
0.0907	-0.1184	-0.3207
0.0638	-0.1059	-0.2670
0.0384	-0.1019	-0.2604
0.0407	-0.0601	-0.1973
0.0241	-0.0665	-0.1531
-0.0151	-0.1203	-0.2047
-0.0775	-0.1238	-0.2549
-0.0971	-0.0516	-0.1138
-0.1236	-0.0346	-0.1677
-0.1391	-0.0585	-0.1382
-0.1494	-0.0207	-0.0746
-0.1704	0.0176	-0.0582
-0.1928	0.0137	-0.0673
-0.1728	0.0685	-0.0359
-0.1877	0.0807	-0.0641
-0.1959	0.1347	0.0340
-0.1785	0.1099	0.0657
-0.1637	0.1745	0.0405
-0.2061	0.2504	0.0585
-0.2025	0.1255	0.1038
-0.2445	0.2888	0.0497
-0.1811	0.4010	0.1195
-0.0879	0.3181	0.1248
-0.1901	0.2999	0.0497
-0.2009	0.2103	-0.0475
-0.1635	0.2343	-0.0385
-0.0931	0.1506	0.0308
-0.1269	0.2506	0.0294
-0.1849	0.1937	-0.0173
-0.1780	0.2398	-0.0248
-0.1230	0.1930	-0.0598
-0.0828	0.1980	-0.1603
-0.1383	0.2457	-0.0574
-0.2300	0.1970	-0.0930
-0.1724	0.1839	-0.1128
-0.2315	0.1861	-0.0977
-0.1616	0.1554	-0.1128
-0.2024	0.2572	-0.1200
-0.2373	0.2274	-0.2444
-0.1839	0.1770	-0.3146
-0.2344	0.3375	-0.2284
-0.1471	0.2172	-0.1905
-0.1754	0.2630	-0.1740
-0.2138	0.3391	-0.2300
-0.0464	0.1488	-0.2273
-0.1241	0.2352	-0.2530
-0.0842	0.2162	-0.2304
-0.0609	0.2756	-0.1688
-0.0526	0.1921	-0.1406
-0.0319	0.1334	-0.1606
-0.0466	0.1574	-0.2917
-0.1410	0.1689	-0.1821
-0.2287	0.0713	-0.1313
-0.1431	0.1233	-0.2031
-0.1061	0.1222	-0.1522
-0.0073	0.1544	-0.1824
-0.1729	-0.0145	-0.2646
-0.1236	-0.0598	-0.2899
-0.2578	-0.0772	0.0257
-0.1063	-0.0041	0.0696
-0.1574	-0.0178	-0.0380
-0.0626	0.0166	-0.1737
-0.0897	-0.0110	-0.0761
-0.1016	0.0443	-0.0417
-0.0394	-0.0491	-0.0164
-0.1771	-0.1571	0.1384
0.1373	0.0811	0.1963
-0.0071	-0.1241	0.0695
0.0440	-0.0392	0.2355
-0.0235	-0.0075	0.1241
-0.0376	0.0739	0.1267
0.1182	0.0188	0.2155
0.0327	0.0363	0.1262
-0.0314	0.0920	0.0655
-0.0033	0.0419	0.0284
-0.0453	0.1141	0.0107
0.0082	0.1492	0.0867
-0.1115	-0.0273	-0.0359
-0.1451	0.0103	-0.1101
0.0051	0.0455	0.1051
-0.0544	0.1647	0.0356
-0.1307	0.0782	-0.0377
-0.1246	0.0819	0.1389
-0.0383	0.0417	0.1820
-0.0056	0.0793	-0.0365
-0.0131	0.0852	0.0601
-0.0659	0.1781	0.0441
-0.1074	0.1369	0.1796
-0.0758	0.0460	0.0356
