32.2375	3.2987	155.4669
32.2259	3.3100	155.4977
32.2120	3.3215	155.5255
32.1946	3.3313	155.5501
32.1763	3.3430	155.5814
32.1544	3.3536	155.6113
32.1304	3.3636	155.6375
32.1030	3.3706	155.6579
32.0707	3.3751	155.6732
32.0366	3.3820	155.6924
32.0019	3.3882	155.7124
31.9649	3.3941	155.7303
31.9256	3.3990	155.7452
31.8863	3.4050	155.7649
31.8459	3.4111	155.7908
31.8045	3.4175	155.8242
31.7608	3.4246	155.8574
31.7138	3.4314	155.8885
31.6623	3.4377	155.9135
31.6087	3.4450	155.9373
31.5542	3.4530	155.9630
31.4978	3.4611	155.9861
31.4401	3.4683	156.0084
31.3795	3.4736	156.0242
31.3198	3.4805	156.0393
22.7668	4.1045	154.3585
22.5707	4.1097	154.0668
22.4255	4.1180	153.7916
22.3030	4.1072	153.2608
22.3212	4.0953	153.0492
22.4206	4.0790	152.8179
22.4856	4.0707	152.6351
22.5176	4.0672	152.5139
22.5426	4.0676	152.4078
22.5243	4.0290	152.2371
22.4855	4.0286	152.1816
22.4319	4.0267	152.0836
22.3008	4.0256	151.9100
22.1746	4.0340	151.8405
22.0918	4.0327	151.7834
21.8351	4.0161	151.6331
21.7070	4.0169	151.6184
21.4582	4.0090	151.5501
21.2482	3.9974	151.4909
21.0994	3.9884	151.4733
20.9519	3.9902	151.4636
20.6452	4.0044	151.4770
20.4775	4.0104	151.4568
20.3229	4.0267	151.4338
20.0892	4.0613	151.4092
20.0043	4.0757	151.3868
19.9278	4.0832	151.3648
19.8230	4.1016	151.2463
19.8373	4.1326	151.2151
19.9452	4.1775	151.1765
20.0834	4.2129	151.1573
20.1932	4.2520	151.1693
20.2918	4.3004	151.1793
20.3907	4.4134	151.1221
20.3633	4.4637	151.0300
20.3016	4.5113	150.9036
20.0794	4.6039	150.5282
19.8877	4.6318	150.2070
19.7239	4.6255	149.8191
19.6221	4.5016	149.0419
19.6685	4.4210	148.7423
20.0033	4.3302	148.4727
20.5525	4.3082	148.5435
21.1706	4.3590	148.7812
21.9373	4.4402	149.1847
23.5115	4.5195	150.2792
24.1545	4.5302	150.8754
24.6399	4.5184	151.4383
25.2207	4.4491	152.3613
25.3697	4.3993	152.7041
25.4407	4.3651	152.9513
25.5154	4.3437	153.2094
25.5918	4.3306	153.2443
25.6819	4.3215	153.2905
25.7333	4.3598	153.4258
25.6200	4.4163	153.4621
25.4547	4.4806	153.4709
25.0342	4.5624	153.4728
24.7535	4.5773	153.4474
24.4388	4.5875	153.3933
23.8679	4.6268	153.2683
23.6978	4.6235	153.1980
23.5749	4.6029	153.1224
23.4116	4.5910	153.0099
23.3723	4.5902	152.9572
23.3622	4.5841	152.9069
23.3646	4.5846	152.8237
23.3379	4.5940	152.7775
23.2940	4.6034	152.7235
23.2275	4.6237	152.6125
23.1782	4.6442	152.5599
23.1340	4.6549	152.5410
22.9138	4.6869	152.4651
22.8064	4.7055	152.4472
22.7121	4.7210	152.4443
22.4882	4.7473	152.4684
22.3212	4.7589	152.4564
22.1495	4.7562	152.4184
21.8863	4.7578	152.3634
21.7743	4.7618	152.3536
21.6432	4.7620	152.3474
21.3642	4.7643	152.2999
21.2697	4.7618	152.2790
21.1969	4.7567	152.2678
21.0658	4.7534	152.2781
20.9836	4.7528	152.2626
20.9275	4.7464	152.2418
20.9132	4.7370	152.2232
20.9249	4.7360	152.2332
20.9279	4.7417	152.2528
20.9366	4.7456	152.2638
20.9741	4.7400	152.2644
21.0300	4.7364	152.2792
21.1275	4.7426	152.3362
21.1559	4.7489	152.3670
21.1922	4.7421	152.4024
21.3037	4.7386	152.5200
21.3440	4.7326	152.5892
21.3618	4.7365	152.6589
21.3900	4.7237	152.7812
21.4296	4.7156	152.8436
21.4782	4.7094	152.9115
21.5498	4.7146	153.0370
21.5713	4.7111	153.0713
21.6074	4.7054	153.0971
21.7367	4.6968	153.1733
21.8039	4.6976	153.2263
21.8717	4.7000	153.2821
22.0397	4.6919	153.3679
22.1414	4.6837	153.3997
22.2461	4.6758	153.4231
22.4319	4.6711	153.4605
22.5098	4.6731	153.4642
22.5927	4.6779	153.4588
22.7567	4.6951	153.4536
22.8219	4.7141	153.4695
22.8579	4.7396	153.4876
22.8192	4.7836	153.4994
22.7441	4.7977	153.4838
22.5595	4.8208	153.4553
22.3499	4.8388	153.4257
22.1696	4.8414	153.3822
21.9938	4.8420	153.3157
21.7205	4.8390	153.1888
21.6031	4.8363	153.1422
21.4886	4.8300	153.1085
21.3048	4.8110	153.0467
21.2529	4.7984	153.0233
21.2227	4.7794	152.9961
21.2111	4.7404	152.9386
21.2287	4.7313	152.9135
21.2540	4.7203	152.8881
21.3312	4.7040	152.8768
21.3672	4.7046	152.8971
21.3864	4.7112	152.9227
21.3618	4.7199	152.9450
21.3262	4.7228	152.9558
21.2781	4.7292	152.9761
21.1311	4.7395	153.0202
21.0447	4.7447	153.0320
20.9543	4.7446	153.0289
20.8000	4.7444	153.0363
20.7330	4.7461	153.0670
20.6686	4.7459	153.0973
20.5569	4.7460	153.1485
20.5100	4.7344	153.1521
20.4784	4.7186	153.1527
20.4570	4.7072	153.1758
20.4567	4.7080	153.1879
20.4595	4.7075	153.1947
20.4803	4.7129	153.2124
20.4934	4.7203	153.2278
20.5015	4.7293	153.2455
20.4984	4.7425	153.2762
20.4866	4.7478	153.2814
20.4730	4.7541	153.2940
20.4720	4.7583	153.3162
20.4719	4.7596	153.3498
20.4743	4.7577	153.3868
20.4847	4.7574	153.4469
20.4942	4.7576	153.4723
20.4981	4.7512	153.4905
20.4931	4.7404	153.5049
20.4937	4.7337	153.5014
20.5027	4.7280	153.4966
20.5338	4.7275	153.4891
20.5424	4.7303	153.4730
20.5335	4.7326	153.4291
20.5013	4.7333	153.3720
20.4783	4.7385	153.3252
20.4526	4.7455	153.2763
20.4040	4.7588	153.1867
20.3771	4.7606	153.1435
20.3491	4.7619	153.0998
20.2955	4.7521	153.0088
20.2696	4.7439	152.9654
20.2423	4.7398	152.9247
20.1974	4.7344	152.8395
20.1786	4.7309	152.8006
20.1565	4.7264	152.7659
20.1042	4.7099	152.7074
20.0844	4.7057	152.6881
20.0720	4.6998	152.6715
20.0658	4.6836	152.6511
20.0675	4.6697	152.6448
20.0837	4.6554	152.6449
20.1662	4.6347	152.6486
20.2337	4.6250	152.6472
20.3082	4.6127	152.6421
20.4731	4.5857	152.6489
20.5580	4.5762	152.6532
20.6476	4.5631	152.6520
20.8492	4.5188	152.6283
20.9610	4.4909	152.6012
21.0637	4.4752	152.5884
21.3626	4.4494	152.5315
21.5603	4.4241	152.4784
21.7768	4.3949	152.4018
22.2606	4.3524	152.1946
22.5409	4.3352	152.0613
22.8493	4.3090	151.8942
23.5570	4.2542	151.5338
23.9607	4.2318	151.3486
24.4038	4.2082	151.1614
25.3725	4.1408	150.7047
25.8869	4.0940	150.4606
26.8098	4.0285	150.1091
27.5398	3.9967	149.9091
28.0298	3.9840	149.7532
28.5160	3.9866	149.6680
29.2641	4.0102	149.4623
29.5616	4.0099	149.2963
29.8428	3.9908	149.1166
30.4106	3.9065	148.7781
30.6857	3.8840	148.6544
30.9550	3.8918	148.5993
31.2746	3.9628	148.5351
31.1926	3.9955	148.1517
31.2664	3.8767	147.6691
31.6572	3.8302	147.2273
31.8294	3.8734	147.0718
31.9118	3.9107	146.8865
31.9068	3.9441	146.2865
31.8838	3.9511	146.0037
31.8348	3.9684	145.7369
31.6194	4.0405	145.1504
31.4911	4.0584	144.7676
31.4114	4.0487	144.3739
31.4563	3.9878	143.6818
31.5424	3.9373	143.3481
31.6656	3.8832	143.0470
31.9899	3.8019	142.4936
32.1837	3.7804	142.2981
32.4661	3.7348	141.9473
32.6366	3.6872	141.6025
32.7519	3.6493	141.3515
32.8619	3.6155	141.0396
33.0563	3.5245	140.3797
33.1491	3.4816	140.0467
33.2550	3.4382	139.7137
33.4977	3.3664	139.1673
33.6047	3.3518	138.9194
33.6799	3.3464	138.6927
33.7591	3.3830	138.3967
33.7367	3.4159	138.3070
33.5599	3.4941	138.1765
33.2536	3.5767	137.9411
32.9058	3.6606	137.7223
32.7291	3.7109	137.7109
32.0406	3.8398	137.5514
31.6371	3.8965	137.4060
31.2210	3.9373	137.2354
30.4482	4.0542	137.1153
30.0398	4.1476	137.2237
29.5967	4.2096	137.2356
28.8211	4.3040	137.2981
28.4794	4.3365	137.3872
28.1480	4.3649	137.5260
27.4065	4.3177	137.5286
27.1081	4.2830	137.4601
26.9115	4.1747	137.2892
26.4006	4.2124	137.8143
26.1221	4.2534	137.9439
25.9423	4.2095	137.9816
25.3854	4.3494	138.1209
24.6439	4.3362	137.9774
24.2427	4.2599	137.6587
23.2736	4.2194	137.2154
22.8075	4.2452	137.0622
22.3832	4.2906	136.8415
21.6393	4.3433	136.3425
21.2735	4.2970	135.9386
20.8854	4.2357	135.4700
20.1010	4.2522	134.7549
19.7364	4.3036	134.4971
19.3910	4.3439	134.2430
18.6528	4.3290	133.6931
18.2088	4.3027	133.3906
17.7339	4.2787	133.1183
16.7880	4.2245	132.7035
16.3261	4.1652	132.5066
15.8329	4.0824	132.3016
14.8930	4.0386	132.1006
14.4783	4.0429	132.0538
14.0836	4.0130	131.9613
13.4074	3.9931	131.7596
13.1624	4.0568	131.6770
13.0329	4.1504	131.5719
13.1367	4.2613	131.2223
13.2708	4.3165	130.9853
13.4150	4.3597	130.7154
13.7940	4.4046	130.1346
13.9780	4.4258	129.9723
14.1645	4.5669	130.1472
14.0777	4.7014	130.3227
13.8553	4.7673	130.2805
13.5327	4.8134	130.1062
12.7053	4.8666	129.6687
12.2219	4.9176	129.4947
11.7493	5.0905	129.5907
10.7733	5.4270	129.9069
10.3394	5.4512	129.9385
9.9336	5.3842	129.8371
9.1232	5.1157	129.3851
8.7534	4.9682	129.0905
8.4417	4.8916	128.9528
7.8860	4.7281	128.6974
7.5820	4.6778	128.6175
7.2662	4.6488	128.5835
6.6307	4.6179	128.4577
6.2560	4.6066	128.3540
6.0873	4.6078	128.3111
5.6698	4.6123	128.1357
5.5131	4.5895	127.9713
5.3841	4.5681	127.8308
5.2062	4.5037	127.4090
5.1757	4.4491	127.1319
5.1992	4.4051	126.8488
5.3957	4.2884	126.2063
5.5402	4.2151	125.8542
5.7388	4.1793	125.5052
6.3431	4.0966	124.7091
6.7910	4.0555	124.2651
7.3354	4.0170	123.7963
8.6391	3.9767	122.8149
9.3967	3.9738	122.2879
10.2487	3.9843	121.7529
12.3976	4.0145	120.5358
13.5037	4.0211	119.9384
14.6651	4.0186	119.3330
17.1863	3.9831	118.0765
18.5532	3.9717	117.5022
19.9769	3.9150	116.8833
22.8028	3.8036	115.6164
24.2640	3.7238	114.9860
25.7398	3.6208	114.3421
28.8114	3.4354	113.2331
30.3853	3.3229	112.6156
31.9781	3.2092	112.0408
35.2132	2.9766	110.9362
36.8622	2.8480	110.4009
38.5317	2.7191	109.9367
41.9348	2.4485	108.9624
44.2395	2.2604	108.4008
45.4076	2.1637	108.1684
48.9018	1.8653	107.3578
50.6477	1.7096	106.9773
52.4197	1.5348	106.4121
56.0863	1.1315	105.2281
57.9681	0.9110	104.4991
59.8594	0.6895	103.6181
63.7493	0.2531	102.0623
65.7551	0.0386	101.3325
67.7861	-0.1908	100.7148
71.8463	-0.6265	99.5482
74.5743	-0.9352	98.7367
75.9404	-1.1061	98.3836
80.0596	-1.6018	97.1301
82.1026	-1.8969	96.2855
84.1428	-2.1779	95.3480
88.1805	-2.7319	93.3136
90.1753	-3.0055	92.4146
92.1571	-3.2613	91.3794
96.0822	-3.8078	89.4417
98.0125	-4.0571	88.3801
99.9498	-4.3130	87.3741
103.8137	-4.8317	85.3872
106.3833	-5.1676	84.0881
107.6646	-5.3330	83.4674
111.5013	-5.8194	81.5578
113.4176	-6.0645	80.6275
116.6103	-6.4440	79.1321
119.1451	-6.7391	77.8995
121.0418	-6.9440	76.8835
122.9521	-7.1542	75.9329
126.8083	-7.5534	74.1044
128.6849	-7.7341	73.2715
130.5143	-7.9050	72.5325
133.9513	-8.1906	71.1531
135.4650	-8.2824	70.6246
136.8378	-8.3530	70.1715
139.3104	-8.4726	69.3450
140.4535	-8.4797	69.0665
141.5243	-8.5139	68.7906
143.5011	-8.5795	68.2179
144.7001	-8.6058	67.9402
145.2580	-8.6198	67.8171
146.7792	-8.6582	67.4919
147.4610	-8.6891	67.3086
148.0982	-8.7195	67.1647
149.2877	-8.7813	66.8935
149.8603	-8.8084	66.7447
150.7971	-8.8253	66.4833
151.4978	-8.8312	66.3032
151.9888	-8.8421	66.2036
152.4628	-8.8590	66.1629
153.4286	-8.9290	66.0727
153.9356	-8.9816	66.0051
154.4657	-9.0320	65.9501
155.5507	-9.1248	65.7017
