-112.2612	-6.2065	24.6535
-112.2618	-6.2059	24.6504
-112.2627	-6.2058	24.6474
-112.2645	-6.2053	24.6461
-112.2655	-6.2047	24.6449
-112.2656	-6.2046	24.6414
-112.2657	-6.2051	24.6374
-112.2661	-6.2051	24.6330
-112.2648	-6.2059	24.6269
-112.2646	-6.2062	24.6231
-112.2648	-6.2069	24.6190
-112.2640	-6.2073	24.6121
-112.2633	-6.2079	24.6047
-112.2629	-6.2078	24.5991
-112.2623	-6.2074	24.5938
-112.2605	-6.2081	24.5858
-112.2614	-6.2083	24.5830
-112.2615	-6.2078	24.5784
-112.2606	-6.2068	24.5721
-112.2604	-6.2065	24.5667
-112.2617	-6.2059	24.5664
-112.2617	-6.2060	24.5670
-112.2619	-6.2053	24.5701
-112.2629	-6.2049	24.5724
-112.2620	-6.2046	24.5710
-112.1009	-6.2065	24.2289
-112.1440	-6.2176	24.2162
-112.2459	-6.2520	24.1667
-112.3154	-6.2729	24.1415
-112.4009	-6.2937	24.1265
-112.6057	-6.3452	24.0698
-112.7188	-6.3722	24.0288
-112.8451	-6.4007	23.9788
-113.1492	-6.4622	23.8700
-113.3110	-6.4983	23.7842
-113.4767	-6.5401	23.6221
-113.8826	-6.6294	23.2841
-114.1352	-6.6762	23.1181
-114.4166	-6.7248	22.9578
-115.0484	-6.8408	22.5819
-115.4097	-6.9126	22.3414
-115.8216	-6.9957	22.1194
-116.8472	-7.1585	21.7689
-117.4352	-7.2411	21.6055
-118.5108	-7.4012	21.3137
-119.4657	-7.5428	21.0058
-120.8173	-7.7319	20.6559
-121.1087	-7.7686	20.5692
-123.0248	-8.0089	20.1899
-124.0750	-8.1375	20.0197
-125.9198	-8.3658	19.5214
-127.5328	-8.5699	19.1084
-128.8830	-8.7255	18.7792
-130.3348	-8.8877	18.4746
-133.4754	-9.2427	17.9053
-135.1789	-9.4310	17.6206
-138.2132	-9.7446	17.3139
-140.8060	-9.9819	16.9964
-142.8390	-10.1543	16.8244
-144.9453	-10.3200	16.7046
-149.4483	-10.6120	16.4889
-151.8282	-10.7490	16.4148
-154.3065	-10.8813	16.3853
-159.6107	-11.1312	16.3774
-162.4345	-11.2384	16.4377
-165.3626	-11.3540	16.4732
-171.5069	-11.5257	16.6793
-174.7368	-11.5858	16.8063
-178.0595	-11.6121	17.0115
175.0572	-11.6095	17.8408
171.5122	-11.6054	18.3236
167.9541	-11.5579	18.9853
160.9172	-11.4090	20.1190
157.5022	-11.2656	20.6204
154.1004	-11.1368	20.8206
147.1868	-10.7605	21.3209
143.6430	-10.5344	21.9371
140.0604	-10.2704	22.1124
132.9997	-9.6275	22.6082
129.4798	-9.2702	22.7377
125.9837	-8.8862	22.6781
118.8320	-8.0576	23.1384
115.2674	-7.6364	23.3580
111.7481	-7.1971	23.6712
104.8342	-6.2972	24.3334
101.4392	-5.8668	24.6905
98.1085	-5.4297	25.1177
91.7607	-4.6353	25.9327
88.8652	-4.2131	26.1166
86.0783	-3.7768	26.0963
80.0412	-3.0732	26.1571
77.0076	-2.6660	26.2585
74.0302	-2.2412	26.1143
67.9645	-1.4317	25.6170
64.6883	-1.0015	25.2654
61.2864	-0.5629	24.9900
54.2613	0.2506	24.2956
50.6364	0.6190	23.7135
46.7957	0.9872	23.2131
38.7448	1.7080	21.8222
34.4594	2.0409	21.0025
29.9888	2.3407	20.1880
20.4196	2.8464	18.4134
15.4312	3.0422	17.8415
10.3499	3.1876	17.1543
0.2584	3.3323	16.3128
-4.3246	3.3778	15.6436
-8.8814	3.2837	14.4985
-20.1338	2.8787	12.0815
-23.5486	2.7507	11.4974
-28.6784	2.4452	10.8547
-38.7350	1.7902	9.4401
-43.8813	1.4755	8.9180
-52.5614	0.6960	8.5032
-59.5134	-0.0335	8.3050
-64.7125	-0.6247	8.2500
-69.7644	-1.2528	8.2412
-79.8071	-2.4865	8.4807
-84.8664	-3.1586	8.7004
-89.9423	-3.8191	9.0738
-99.8545	-5.0786	10.1134
-104.5506	-5.7101	10.6932
-108.9497	-6.2675	11.0370
-118.1521	-7.2196	12.0343
-122.6975	-7.7963	12.4723
-127.2074	-8.2927	13.0255
-136.3112	-9.1081	14.1367
-140.9832	-9.4755	14.6871
-145.9396	-9.7933	15.5704
-156.3544	-10.4108	17.3039
-161.6498	-10.6758	18.1476
-167.0106	-10.9234	18.7783
-178.3354	-11.2149	20.3920
175.8050	-11.2621	21.4214
169.9886	-11.2594	22.3560
158.3296	-10.9314	24.5784
152.6428	-10.6968	25.2727
146.8455	-10.3876	25.8244
134.6821	-9.5378	27.1736
128.4529	-9.0019	27.9796
118.2109	-7.9041	29.1619
110.0869	-6.9467	29.7377
101.9937	-5.8964	30.2265
97.9651	-5.3659	30.4471
85.9267	-3.8084	30.6765
79.9655	-3.0257	30.9022
74.0694	-2.2845	30.6172
62.5322	-0.8776	29.9769
54.8803	-0.0412	29.5238
51.0907	0.3567	29.3280
39.9614	1.4683	28.8894
34.6020	1.9153	28.4071
29.2450	2.3323	27.9415
17.5208	3.0092	26.3000
11.8847	3.2668	25.6568
6.2291	3.3690	25.0482
-4.9682	3.4151	23.4115
-10.6914	3.3725	22.8442
-16.4165	3.2331	22.0762
-28.0147	2.6310	20.6700
-33.7663	2.2020	20.1071
-39.5340	1.8351	19.5356
-50.7342	0.7839	18.1178
-58.5978	-0.0109	17.1462
-62.6669	-0.4784	16.6681
-75.4868	-2.0435	16.7983
-82.0190	-2.8433	17.1189
-88.4633	-3.6589	17.4287
-101.4306	-5.3333	18.1335
-107.8574	-6.1907	18.5119
-114.3433	-6.9612	19.1144
-127.3788	-8.5013	20.6035
-133.8773	-9.1727	21.5413
-140.3825	-9.7879	22.5295
-153.5069	-10.7813	24.8294
-160.1650	-11.1111	26.1061
-166.8506	-11.3633	27.3708
-179.9959	-11.6278	29.8547
173.4669	-11.5841	31.0343
167.0159	-11.4590	32.1914
154.3869	-10.9185	34.3248
148.2184	-10.5508	35.2472
142.0655	-10.0829	36.2516
130.1760	-8.9777	37.9808
124.5424	-8.3863	38.6462
119.0607	-7.7780	39.1360
108.5221	-6.5042	39.7398
103.4967	-5.8367	40.0872
98.7113	-5.2021	40.0878
89.6843	-4.0031	40.1033
83.6151	-3.1869	39.9636
80.4901	-2.7648	39.9465
71.0352	-1.4657	39.9790
66.6936	-0.8501	39.9563
62.9807	-0.3562	39.8476
56.8003	0.4394	39.6569
53.8157	0.7989	39.5518
50.9721	1.1301	39.4442
45.8349	1.7412	39.0378
43.4502	2.0176	38.9013
41.1159	2.2690	38.6382
36.8648	2.6658	38.1323
34.8183	2.8462	38.0122
32.8571	3.0245	37.8991
29.2289	3.3686	37.7232
27.5322	3.5427	37.5285
24.5990	3.7851	37.1621
22.1335	3.9716	36.8463
20.4143	4.0931	36.5762
18.9005	4.2175	36.3341
15.9528	4.3918	35.8206
14.3844	4.4402	35.5644
12.7974	4.4842	35.3344
9.8312	4.5494	34.8108
8.4712	4.5727	34.5777
7.1043	4.5976	34.4045
4.4928	4.6563	34.2260
3.3592	4.6724	34.1218
2.2762	4.6931	34.0105
0.1120	4.7961	34.0416
-0.9058	4.8389	34.0329
-1.8167	4.8487	33.9762
-3.3857	4.8893	33.8781
-4.1024	4.9121	33.7939
-4.8349	4.9213	33.7177
-6.1296	4.9270	33.5479
-6.8878	4.9360	33.4740
-7.2635	4.9368	33.4410
-8.4296	4.9561	33.4233
-8.9720	4.9664	33.4075
-9.4631	4.9689	33.3273
-10.3942	4.9693	33.1619
-11.0071	4.9670	33.0448
-11.2884	4.9724	33.0090
-11.9478	4.9605	32.8722
-12.1814	4.9446	32.7975
-12.3581	4.9296	32.7173
-12.5948	4.9331	32.5964
-12.6599	4.9349	32.4980
-12.6614	4.9295	32.4359
-12.5569	4.8956	32.1180
-12.4708	4.8828	31.9339
-12.3627	4.8644	31.7455
-12.0931	4.8133	31.3326
-11.9176	4.7827	31.0374
-11.8405	4.7743	30.8979
-11.6420	4.7512	30.5098
-11.5544	4.7341	30.3164
-11.4753	4.7244	30.1314
-11.3273	4.7132	29.7788
-11.2458	4.6987	29.5778
-11.1559	4.6827	29.3758
-10.9585	4.6568	28.9823
-10.8474	4.6478	28.7813
-10.7295	4.6335	28.5747
-10.4802	4.5965	28.1808
-10.3569	4.5786	27.9861
-10.2344	4.5672	27.7268
-9.9770	4.5399	27.1214
-9.8523	4.5203	26.8203
-9.7357	4.5057	26.5323
-9.5227	4.4808	25.9581
-9.4250	4.4685	25.6590
-9.3274	4.4557	25.3525
-9.1567	4.4346	24.7583
-9.0772	4.4277	24.4698
-8.9978	4.4185	24.1784
-8.8444	4.3968	23.6137
-8.7714	4.3868	23.3456
-8.6950	4.3791	23.0799
-8.5252	4.3641	22.5525
-8.4390	4.3511	22.2774
-8.3525	4.3353	22.0125
-8.1947	4.3138	21.4998
-8.1157	4.3078	21.2518
-8.0386	4.2984	21.0166
-7.8915	4.2769	20.5324
-7.8145	4.2683	20.2369
-7.7845	4.2640	20.0966
-7.7105	4.2566	19.7131
-7.6808	4.2474	19.5391
-7.6564	4.2363	19.3713
-7.6277	4.2214	19.1056
-7.5987	4.2112	18.9461
-7.5686	4.2013	18.8024
-7.5153	4.1752	18.5274
-7.4931	4.1664	18.4118
-7.4686	4.1626	18.3192
-7.4042	4.1438	18.1150
-7.3788	4.1353	18.0183
-7.3575	4.1281	17.9328
-7.3107	4.1245	17.7532
-7.2736	4.1206	17.6278
-7.2362	4.1133	17.4966
-7.1638	4.1040	17.2252
-7.1348	4.1057	17.0962
-7.1013	4.1064	16.9532
-7.0411	4.0983	16.5601
-7.0186	4.0929	16.3638
-7.0033	4.0890	16.1787
-6.9716	4.0773	15.8034
-6.9516	4.0667	15.5944
-6.9344	4.0589	15.3775
-6.9207	4.0485	14.9873
-6.9054	4.0485	14.7216
-6.8903	4.0469	14.5795
-6.8394	4.0354	14.1819
-6.8197	4.0343	14.0198
-6.8078	4.0370	13.8768
-6.7903	4.0455	13.5611
-6.7664	4.0401	13.3385
-6.7544	4.0354	13.2300
-6.7276	4.0354	12.9429
-6.7064	4.0374	12.7962
-6.6768	4.0344	12.6584
-6.6067	4.0209	12.3576
-6.5632	4.0137	12.1758
-6.5437	4.0122	12.0869
-6.4866	4.0022	11.8240
-6.4571	3.9943	11.6891
-6.4353	3.9866	11.5545
-6.4185	3.9816	11.3380
-6.4171	3.9812	11.2147
-6.4150	3.9807	11.1513
-6.4101	3.9777	10.9757
-6.4190	3.9803	10.9039
-6.4297	3.9821	10.8390
-6.4388	3.9806	10.7147
-6.4310	3.9760	10.6404
-6.4177	3.9728	10.5612
-6.3938	3.9690	10.4172
-6.3817	3.9666	10.3662
-6.3648	3.9648	10.3103
-6.3185	3.9580	10.1721
-6.2978	3.9561	10.0922
-6.2663	3.9530	9.9610
-6.2477	3.9485	9.7796
-6.2329	3.9452	9.6413
-6.2203	3.9405	9.5026
-6.2057	3.9392	9.3293
-6.2055	3.9386	9.2514
-6.2006	3.9365	9.1550
-6.1864	3.9322	8.9504
-6.1815	3.9310	8.8399
-6.1827	3.9333	8.7326
-6.1828	3.9373	8.5297
-6.1754	3.9340	8.4052
-6.1654	3.9328	8.2809
-6.1397	3.9344	8.0110
-6.1266	3.9347	7.8657
-6.1108	3.9346	7.7208
-6.0702	3.9299	7.4489
-6.0494	3.9281	7.3127
-6.0328	3.9305	7.1769
-6.0034	3.9300	6.8980
-5.9907	3.9257	6.7571
-5.9755	3.9208	6.6169
-5.9667	3.9175	6.3496
-5.9727	3.9181	6.2526
-5.9789	3.9194	6.1725
-5.9873	3.9141	6.0147
-5.9852	3.9117	5.9311
-5.9891	3.9114	5.8568
-6.0006	3.9159	5.7561
-6.0004	3.9171	5.7111
-5.9942	3.9157	5.6575
-5.9744	3.9130	5.5928
-5.9687	3.9133	5.5672
-5.9645	3.9142	5.5237
-5.9600	3.9116	5.4013
-5.9591	3.9100	5.3349
-5.9582	3.9094	5.2556
-5.9649	3.9094	5.1085
-5.9722	3.9102	5.0717
-5.9770	3.9087	5.0402
-5.9819	3.9065	4.9619
-5.9816	3.9046	4.9116
-5.9888	3.9036	4.8733
-5.9907	3.9015	4.7654
-5.9857	3.8995	4.6980
-5.9803	3.8976	4.6308
-5.9700	3.8942	4.5828
-5.9597	3.8917	4.5505
-5.9475	3.8900	4.4656
-5.9278	3.8832	4.2520
-5.9263	3.8812	4.1555
-5.9312	3.8809	4.0715
-5.9344	3.8813	3.9064
-5.9307	3.8819	3.8130
-5.9280	3.8796	3.7226
-5.9216	3.8771	3.5650
-5.9168	3.8776	3.5057
-5.8908	3.8744	3.3803
-5.8701	3.8725	3.2837
-5.8525	3.8715	3.2091
-5.8355	3.8744	3.1372
-5.7941	3.8789	2.9594
-5.7685	3.8781	2.8596
-5.7483	3.8781	2.8171
-5.7132	3.8796	2.7410
-5.6932	3.8797	2.6745
-5.6684	3.8769	2.5834
-5.6316	3.8733	2.4098
-5.6190	3.8716	2.3475
-5.6080	3.8702	2.2881
-5.5851	3.8672	2.1642
-5.5718	3.8651	2.0972
-5.5618	3.8669	2.0358
-5.5559	3.8699	1.9568
-5.5607	3.8716	1.9295
-5.5618	3.8701	1.9028
-5.5585	3.8693	1.8492
-5.5623	3.8695	1.8200
-5.5655	3.8705	1.7849
-5.5719	3.8680	1.7097
-5.5785	3.8669	1.6516
-5.5871	3.8669	1.5974
-5.6095	3.8708	1.5270
-5.6231	3.8703	1.5138
-5.6368	3.8693	1.4993
-5.6643	3.8621	1.4164
-5.6833	3.8607	1.3747
-5.7025	3.8590	1.3292
-5.7371	3.8578	1.2124
-5.7515	3.8565	1.1556
