108.8662	-1.2127	16.0907
108.8677	-1.2131	16.0953
108.8696	-1.2138	16.0978
108.8707	-1.2145	16.1042
108.8734	-1.2157	16.1064
108.8761	-1.2169	16.1084
108.8807	-1.2176	16.1083
108.8831	-1.2196	16.1142
108.8877	-1.2190	16.1175
108.8912	-1.2183	16.1224
108.8954	-1.2186	16.1256
108.8979	-1.2181	16.1242
108.9009	-1.2189	16.1191
108.9038	-1.2191	16.1139
108.9081	-1.2202	16.1068
108.9102	-1.2209	16.1063
108.9131	-1.2209	16.1046
108.9154	-1.2212	16.0999
108.9189	-1.2232	16.0942
108.9214	-1.2223	16.0908
108.9233	-1.2227	16.0868
108.9254	-1.2217	16.0865
108.9285	-1.2220	16.0840
108.9306	-1.2214	16.0823
108.9339	-1.2213	16.0773
108.9370	-1.2213	16.0721
110.5930	-1.3662	11.3581
110.7222	-1.3598	11.0283
110.8815	-1.3463	10.6405
111.2202	-1.3299	9.8646
111.3823	-1.3224	9.5126
111.5905	-1.3193	9.1183
112.0198	-1.3013	8.3155
112.2527	-1.2995	7.8907
112.4734	-1.2986	7.4589
112.8627	-1.3044	6.5760
113.0202	-1.3165	6.1393
113.1470	-1.3286	5.7061
113.3246	-1.3506	4.8618
113.3786	-1.3608	4.4577
113.4149	-1.3760	4.0710
113.4506	-1.4004	3.2257
113.4530	-1.3986	2.8151
113.4340	-1.4046	2.4364
113.3384	-1.4363	1.7573
113.2583	-1.4589	1.4462
113.1191	-1.5217	1.3827
113.1568	-1.5887	1.1136
113.2829	-1.5450	0.7302
113.3039	-1.5813	0.5474
113.0037	-1.5383	0.7647
112.7081	-1.5771	1.1317
112.5290	-1.5491	1.4271
112.6709	-1.5046	1.0869
112.8468	-1.5105	0.7725
112.9401	-1.5042	0.5359
112.8378	-1.5192	0.3471
112.7477	-1.5038	0.2633
112.5966	-1.5164	0.4252
112.4018	-1.4975	0.8288
112.2597	-1.4868	1.0809
112.1244	-1.4876	1.3250
111.8394	-1.4731	1.9757
111.7382	-1.4842	2.2163
111.6590	-1.4933	2.4553
111.3936	-1.5693	3.0835
111.1895	-1.5873	3.4989
110.9413	-1.5804	3.9494
111.0625	-1.4759	3.9201
111.2663	-1.4270	3.5405
111.3605	-1.4163	3.4110
111.4833	-1.4961	3.2154
111.5696	-1.4852	2.9609
111.6835	-1.4725	2.6675
111.9734	-1.4397	1.9585
112.0829	-1.4087	1.5604
112.1330	-1.3894	1.1708
112.1165	-1.3890	0.5209
112.1773	-1.3750	0.4054
112.2889	-1.4050	0.1334
112.5317	-1.4368	-0.4941
112.5945	-1.4350	-0.7714
112.6267	-1.4473	-0.9069
112.6435	-1.4514	-1.0024
112.5165	-1.4538	-0.8020
112.3368	-1.4305	-0.5252
112.2466	-1.3904	-0.4095
112.3840	-1.3664	-0.6789
112.5229	-1.3552	-0.9256
112.5841	-1.3232	-1.3882
112.5046	-1.2885	-1.6186
112.3372	-1.2910	-1.5033
112.0998	-1.2722	-1.3014
112.0656	-1.2619	-1.3417
111.9543	-1.2702	-1.1958
111.7236	-1.3189	-0.9509
111.6449	-1.3339	-0.8233
111.6331	-1.3651	-0.8010
111.5607	-1.3818	-0.6413
111.4780	-1.3828	-0.4680
111.3797	-1.3748	-0.2317
111.1945	-1.3751	0.2445
111.0970	-1.3776	0.3989
110.9815	-1.3844	0.6775
110.7244	-1.4001	1.2485
110.6645	-1.4218	1.4747
110.5787	-1.4282	1.7235
110.4165	-1.4299	2.2102
110.3296	-1.4066	2.5296
110.3122	-1.3760	2.7015
110.4086	-1.3048	2.2858
110.3264	-1.3251	2.3853
110.1766	-1.3587	2.6342
109.7264	-1.3761	3.3416
109.5548	-1.4196	3.6152
109.3488	-1.4026	4.0151
109.2193	-1.3298	4.2990
109.1298	-1.2767	4.6108
109.1028	-1.2648	4.7120
109.0866	-1.3100	4.7591
109.0637	-1.3220	4.8114
109.0698	-1.3328	4.7818
109.0398	-1.3146	4.7692
108.9694	-1.2924	4.9301
108.9575	-1.2834	4.9778
108.8257	-1.2684	5.3267
108.7912	-1.2800	5.4000
108.7153	-1.2670	5.5130
108.6172	-1.2365	5.6760
108.5718	-1.2263	5.6907
108.4573	-1.2052	5.9520
108.3769	-1.1989	6.0208
108.3565	-1.1957	5.9797
108.3061	-1.1712	6.1169
108.2885	-1.1733	6.0053
108.2451	-1.1816	6.0408
108.2018	-1.2096	6.0933
108.2122	-1.2095	5.9260
108.1578	-1.2188	5.9741
108.1621	-1.2284	5.8484
108.1576	-1.2191	5.5215
108.1358	-1.2395	5.4904
108.2328	-1.2451	5.1239
108.1637	-1.2908	5.1896
108.1804	-1.2769	5.1374
108.2015	-1.2725	5.0320
108.2971	-1.2698	4.6676
108.3218	-1.2832	4.5462
108.3333	-1.3039	4.4518
108.2633	-1.2897	4.6280
108.2704	-1.2700	4.5330
108.2226	-1.2681	4.6398
108.2020	-1.2577	4.5630
108.1291	-1.2280	4.7185
108.0710	-1.2129	4.8838
108.0631	-1.2014	4.6211
107.9304	-1.2345	4.7905
107.8104	-1.2136	5.0443
107.5441	-1.2467	5.4714
107.3601	-1.2446	5.7563
107.1656	-1.2407	6.0444
106.7812	-1.2346	6.6061
106.5740	-1.2461	6.8920
106.3619	-1.2687	7.1870
105.8992	-1.2808	7.9078
105.6571	-1.2475	8.3024
105.4361	-1.1966	8.6862
104.9682	-1.1343	9.4104
104.7762	-1.1245	9.7470
104.5899	-1.1233	10.0809
104.2530	-1.1165	10.7149
104.1169	-1.1155	11.0333
103.9938	-1.1202	11.3588
103.7724	-1.1491	12.0046
103.6417	-1.1721	12.3493
103.4670	-1.1935	12.7729
103.1421	-1.2403	13.5541
102.9715	-1.2543	13.9819
102.7544	-1.2596	14.4623
102.3819	-1.2340	15.4998
102.2373	-1.2352	16.0246
102.1181	-1.2572	16.5300
101.8788	-1.3171	17.7021
101.8226	-1.3458	18.3283
101.8306	-1.3770	18.9595
101.9528	-1.4326	20.3804
101.9595	-1.4121	21.1934
101.9787	-1.3887	22.0466
101.9887	-1.4536	23.7741
102.0193	-1.4678	24.6129
101.9890	-1.4615	25.5382
102.1136	-1.4953	26.9942
102.2090	-1.5483	27.7355
102.3483	-1.5609	28.3991
102.6502	-1.5905	29.8587
102.8287	-1.5807	30.6794
103.0088	-1.6048	31.3724
103.3377	-1.5926	32.8459
103.5022	-1.5998	33.6261
103.6845	-1.6405	34.3982
103.9718	-1.7512	36.1578
104.0472	-1.7681	37.1718
104.1958	-1.8016	38.1369
104.4226	-1.8351	40.1335
104.5158	-1.8589	41.2361
104.5928	-1.9027	42.3838
104.8213	-2.0281	44.8086
104.9188	-2.0987	45.9937
105.0188	-2.1631	47.2396
105.1960	-2.2800	49.8290
105.2892	-2.3211	51.1473
105.3501	-2.4151	52.5370
105.5380	-2.6155	55.3736
105.6609	-2.7052	56.8202
105.7664	-2.8051	58.2887
105.9631	-3.0749	61.6429
106.0957	-3.1947	63.2369
106.1726	-3.3475	64.8956
106.3592	-3.5860	68.2477
106.4582	-3.7270	69.9931
106.5537	-3.8832	71.7706
106.7388	-4.1425	75.4237
106.7932	-4.2780	77.3063
106.8508	-4.4421	79.2362
106.9585	-4.7806	83.2456
106.9962	-4.9316	85.3021
107.0127	-5.0884	87.7524
107.0065	-5.4052	92.1255
107.0136	-5.5472	94.4676
107.0000	-5.6737	96.7733
106.9378	-5.9808	101.5175
106.9183	-6.0949	104.1300
106.9214	-6.1814	106.7766
106.8349	-6.4317	112.1219
106.7483	-6.5304	114.8722
106.6793	-6.6375	117.6413
106.6012	-6.6748	124.2199
106.5677	-6.6817	127.3149
106.5596	-6.6466	130.5154
106.5114	-6.5591	136.9873
106.5045	-6.4639	140.3545
106.5046	-6.3922	143.6538
106.5395	-6.2122	150.4126
106.5404	-6.1244	153.7766
106.5822	-6.0557	157.1445
106.6668	-5.8331	163.9663
106.7332	-5.6995	167.3415
106.7332	-5.6995	167.3415
107.0920	-5.4248	177.9723
107.2295	-5.3402	-178.7369
107.3722	-5.2667	-175.4809
107.6009	-5.1499	-169.1010
107.6715	-5.0851	-166.0163
107.7759	-5.0391	-162.9662
108.0194	-4.9863	-156.9598
108.1414	-4.9624	-154.0863
108.2751	-4.9517	-151.1914
108.4843	-4.8743	-145.2632
108.6004	-4.8401	-142.5911
108.6902	-4.8501	-139.9322
108.8063	-4.8158	-134.8280
108.8283	-4.7806	-132.3944
108.8795	-4.7230	-130.0396
109.0118	-4.6416	-125.4364
109.0592	-4.5694	-123.2659
109.1635	-4.5989	-120.9987
109.1589	-4.4429	-116.9286
109.1996	-4.4156	-114.6129
109.2108	-4.3964	-112.6511
109.2887	-4.3045	-108.8793
109.3238	-4.2467	-107.0350
109.3655	-4.1735	-105.2462
109.4144	-4.0750	-101.7507
109.4300	-4.0311	-100.0176
109.4298	-3.9604	-98.3746
109.4542	-3.8272	-95.1419
109.4707	-3.7307	-93.6342
109.5133	-3.6510	-91.8717
109.5690	-3.5080	-88.9407
109.5861	-3.4373	-87.4937
109.5945	-3.3654	-86.0654
109.6243	-3.1749	-83.3630
109.6413	-3.1125	-82.0468
109.6473	-3.0534	-80.7355
109.6549	-2.8971	-78.2841
109.6590	-2.8040	-77.1048
109.6797	-2.7202	-75.9489
109.7467	-2.5153	-73.5149
109.7833	-2.4107	-72.4357
109.8305	-2.3345	-71.3519
109.8833	-2.1652	-69.2824
109.8946	-2.0617	-68.3102
109.9183	-1.9890	-67.3482
109.9623	-1.8493	-65.5570
109.9746	-1.7639	-64.7121
110.0080	-1.6915	-63.8840
110.1184	-1.5295	-62.3282
110.1676	-1.4261	-61.3643
110.2067	-1.3670	-60.7785
110.3188	-1.2334	-59.4619
110.3868	-1.1682	-58.8604
110.4543	-1.1025	-58.2869
110.5299	-1.0102	-57.1862
110.5411	-0.9400	-56.6784
110.5722	-0.9098	-56.1380
110.6453	-0.7798	-55.2951
110.6827	-0.7307	-54.8938
110.7083	-0.6906	-54.4991
110.7847	-0.5961	-53.7165
110.8180	-0.5648	-53.3692
110.8431	-0.5254	-53.0224
110.8870	-0.4706	-52.3597
110.9157	-0.4389	-52.0728
110.9461	-0.4126	-51.7830
110.9897	-0.3549	-51.2216
111.0148	-0.3282	-50.9391
111.0282	-0.2921	-50.7070
111.0689	-0.2439	-50.1900
111.0719	-0.2421	-49.7762
111.0554	-0.2379	-49.3915
111.0707	-0.2210	-48.7479
111.0593	-0.2352	-48.3181
111.0577	-0.2408	-47.9476
111.0330	-0.2530	-47.0869
111.0357	-0.2474	-46.7741
111.0249	-0.2284	-46.5004
111.0194	-0.1689	-46.0540
111.0448	-0.1224	-45.9209
111.0756	-0.0859	-45.7577
111.1010	-0.0249	-45.4123
111.1132	-0.0009	-45.2886
111.1262	0.0237	-45.1725
111.1475	0.0357	-44.7325
111.1282	0.0285	-44.4359
111.0887	0.0148	-44.0756
111.0519	0.0285	-43.6795
111.0310	0.0327	-43.4738
111.0391	0.0676	-43.4744
111.0118	0.0948	-43.3553
110.9755	0.0957	-43.1665
110.9014	0.0837	-42.7491
110.8699	0.1145	-42.5542
110.8570	0.1268	-42.5664
110.8534	0.1567	-42.7038
110.7736	0.1752	-42.5929
110.7537	0.1908	-42.6575
110.7325	0.2011	-42.7098
110.6425	0.1885	-42.6139
110.6100	0.1873	-42.5890
110.5442	0.1653	-42.4400
110.4446	0.1468	-42.3334
110.4046	0.1469	-42.4492
110.3475	0.1186	-42.4613
110.2160	0.0637	-42.4556
110.1525	0.0378	-42.4328
110.1160	0.0203	-42.5152
109.9946	-0.0288	-42.5711
109.9180	-0.0708	-42.4875
109.8705	-0.0998	-42.5089
109.7679	-0.1636	-42.5728
109.7224	-0.1902	-42.5793
109.6902	-0.2192	-42.5821
109.6049	-0.3081	-42.3787
109.5575	-0.3504	-42.2458
109.5357	-0.3776	-42.2021
109.5005	-0.4042	-42.1627
109.4894	-0.4222	-42.0940
109.4760	-0.4523	-41.9952
109.4076	-0.5159	-41.6112
109.3754	-0.5388	-41.3456
109.3563	-0.5804	-41.0423
109.3079	-0.6681	-40.2907
109.2778	-0.6984	-39.8749
109.2410	-0.7360	-39.3798
109.0749	-0.7843	-38.0675
108.9744	-0.8028	-37.3764
108.8734	-0.8018	-36.7197
108.6398	-0.8072	-35.4094
108.5061	-0.8266	-34.7384
108.3657	-0.8449	-34.0696
108.0693	-0.8979	-32.6220
107.9335	-0.9259	-31.9585
107.8048	-0.9469	-31.2986
107.5490	-0.9491	-30.0573
107.4261	-0.9292	-29.5113
107.3041	-0.9054	-29.0117
107.0823	-0.8642	-28.0968
106.9746	-0.8393	-27.6960
106.8584	-0.8242	-27.3089
106.6192	-0.8329	-26.5490
106.4869	-0.8591	-26.1142
106.3815	-0.8857	-25.7355
106.2033	-0.9613	-24.9606
106.1227	-1.0005	-24.5653
106.0364	-1.0303	-24.1379
105.8846	-1.0774	-23.2521
105.8285	-1.1051	-22.8387
105.7700	-1.1314	-22.4164
105.6976	-1.1814	-21.6168
105.6693	-1.1994	-21.2272
105.6472	-1.2091	-20.8440
105.5974	-1.2440	-20.0236
105.5691	-1.2616	-19.6114
105.5513	-1.2721	-19.2145
105.5475	-1.2909	-18.4970
105.5517	-1.2925	-18.1891
105.5483	-1.3071	-17.8332
105.5726	-1.3072	-17.2058
105.5994	-1.3057	-16.9167
105.6430	-1.2908	-16.6999
105.7697	-1.2651	-16.2956
105.8525	-1.2541	-16.0577
105.9340	-1.2404	-15.8835
106.1244	-1.2177	-15.5473
106.1816	-1.2075	-15.3127
106.2500	-1.2031	-15.0665
106.4063	-1.1802	-14.6463
106.4885	-1.1579	-14.4811
106.5512	-1.1366	-14.2578
106.6586	-1.1039	-13.8158
106.7011	-1.0826	-13.5829
106.7396	-1.0628	-13.2902
106.8096	-1.0356	-12.7857
106.8482	-1.0195	-12.5644
106.8812	-1.0114	-12.3563
