108.6481	-1.0572	68.6473
108.6414	-1.0507	68.6762
108.6342	-1.0436	68.7064
108.6272	-1.0363	68.7357
108.6186	-1.0289	68.7661
108.6100	-1.0205	68.7964
108.6008	-1.0112	68.8286
108.5965	-1.0033	68.8549
108.6023	-0.9978	68.8770
108.6204	-1.0007	68.8827
108.6453	-1.0070	68.8830
108.6771	-1.0167	68.8762
108.7181	-1.0271	68.8707
108.7636	-1.0326	68.8758
108.8148	-1.0353	68.8856
108.8717	-1.0372	68.8961
108.9309	-1.0392	68.9044
108.9835	-1.0406	68.9193
109.0300	-1.0387	68.9511
109.0880	-1.0405	68.9659
109.1774	-1.0145	69.0458
109.2375	-1.0264	69.0449
109.3065	-1.0254	69.0619
109.4036	-1.0182	69.0777
109.4980	-1.0102	69.0990
109.2801	-1.1699	67.5831
109.2801	-1.1699	67.5831
109.4927	-1.1472	67.6924
110.0235	-1.2371	67.6748
110.4991	-1.1426	67.8548
111.0586	-1.1412	67.7121
112.5314	-1.1163	67.4086
112.7216	-1.1411	67.2906
113.2813	-1.2135	66.9542
114.2920	-1.2373	66.6935
115.0274	-1.1790	66.7245
115.1349	-1.1761	66.7165
115.5316	-1.1427	66.7287
115.5336	-1.1230	66.7584
115.3914	-1.0980	66.8240
114.6070	-1.1069	66.8753
113.4689	-1.1424	66.8980
112.6044	-1.1647	66.9394
111.2817	-1.2078	66.9980
110.1856	-1.2408	67.0533
108.7869	-1.3166	67.1999
109.1144	-1.2999	66.9759
109.5412	-1.2390	66.9004
109.8763	-1.3101	66.6502
110.4427	-1.2499	66.6325
110.8246	-1.3427	66.5759
111.1359	-1.3709	66.5875
112.8463	-1.3958	66.3514
113.5880	-1.3627	66.3517
114.3162	-1.3678	66.1483
115.5938	-1.3948	65.6866
116.1642	-1.3706	65.6904
116.5218	-1.3475	65.7308
116.8439	-1.3260	65.7908
116.8074	-1.3096	65.8732
116.5230	-1.2537	66.0782
115.6027	-1.1870	66.4011
114.9617	-1.1936	66.4888
113.6607	-1.2278	66.6161
111.8005	-1.2958	66.7317
111.4627	-1.3101	66.7496
110.4248	-1.3494	66.7627
108.9003	-1.2655	66.9401
109.1553	-1.2993	66.7170
109.3851	-1.2528	66.6314
109.9961	-1.3738	66.1427
110.1730	-1.3695	66.1929
110.3548	-1.4217	66.1021
110.7867	-1.4195	66.3054
111.2474	-1.3900	66.3743
111.5947	-1.3655	66.4107
112.9632	-1.3249	66.2837
113.5412	-1.3684	66.0504
114.4614	-1.3986	65.8373
115.7693	-1.2775	65.9892
116.4157	-1.2167	66.0451
116.8378	-1.1906	66.0588
118.1531	-1.1243	65.9519
118.4619	-1.1044	65.9118
118.9330	-1.0579	65.8570
119.2174	-1.0310	65.7442
119.1415	-1.0789	65.6136
119.0115	-1.1029	65.6071
118.0410	-1.0861	65.8032
117.4709	-1.0807	65.8853
116.8122	-1.0873	65.9249
115.2782	-1.1047	66.0085
114.4416	-1.1076	66.0696
113.8679	-1.1090	66.1149
111.2547	-1.1921	66.1068
110.9691	-1.2077	66.0709
110.1085	-1.2354	66.0387
109.3512	-1.2065	65.9603
109.5371	-1.1837	65.8403
109.5788	-1.1553	65.8593
109.7356	-1.2692	65.4443
109.7453	-1.3097	65.3791
109.7274	-1.3154	65.4068
109.7751	-1.2038	65.6585
109.7991	-1.1689	65.6553
109.7948	-1.1562	65.6132
109.8021	-1.1777	65.4357
109.8358	-1.2160	65.3051
109.8445	-1.2265	65.2869
109.7002	-1.1564	65.5057
109.6945	-1.2152	65.4391
109.8550	-1.3140	65.2116
110.2625	-1.1729	65.7156
110.4975	-1.1198	65.8714
110.8543	-1.1237	65.8796
112.3365	-1.1274	65.6273
112.3365	-1.1274	65.6273
113.3184	-1.1360	65.3922
115.1244	-1.1168	65.1409
115.9805	-1.1077	65.0341
116.5407	-1.0989	64.9963
118.3372	-1.0857	64.7731
118.9568	-1.0746	64.6913
119.4414	-1.0559	64.6560
119.9218	-0.9759	64.7295
119.9223	-0.9558	64.7646
119.6723	-0.9379	64.8478
118.2944	-0.9522	65.0366
117.9316	-0.9624	65.0700
117.1214	-0.9877	65.1399
115.2107	-1.0493	65.2533
114.5006	-1.0720	65.3006
113.0065	-1.1257	65.3980
110.6719	-1.1852	65.6463
109.3165	-1.1711	65.8871
109.2335	-1.1309	65.8406
109.5746	-1.0774	65.5833
109.9911	-1.1265	65.3224
110.0645	-1.1380	65.3141
110.7140	-1.1828	65.1333
110.9870	-1.2655	65.1160
111.4720	-1.2341	65.2019
112.8035	-1.1616	65.2251
113.2764	-1.1420	65.1722
114.2969	-1.1692	64.7840
115.8804	-1.2077	64.3109
116.6604	-1.1924	64.2308
117.4423	-1.1418	64.2720
118.9740	-1.0320	64.3118
119.7923	-1.0040	64.1999
120.2166	-0.9917	64.1340
121.3082	-0.9009	64.1708
121.5096	-0.8913	64.1708
121.7475	-0.8839	64.1821
121.6635	-0.8768	64.2957
121.4289	-0.8682	64.4007
121.0756	-0.8687	64.4829
119.5682	-0.9173	64.6592
119.3250	-0.9237	64.6855
118.3932	-0.9420	64.7659
116.5671	-0.9723	64.9120
115.5800	-0.9911	64.9794
114.2236	-1.0443	64.9912
112.4948	-1.1322	65.0043
111.4566	-1.1760	65.0503
110.4433	-1.2135	65.1107
109.0874	-1.1190	65.2515
109.2750	-1.1243	65.1016
109.5868	-1.0092	65.0161
109.7751	-1.0439	64.9555
109.8648	-1.0683	64.9233
109.9986	-1.1116	64.8482
110.1010	-1.1210	64.9304
110.2132	-1.0453	65.0863
110.4765	-1.0308	64.9246
110.8152	-1.1501	64.3592
110.8809	-1.1641	64.2884
111.0859	-1.1840	64.1614
111.6480	-1.1386	64.1740
112.4909	-1.0458	64.2320
112.4909	-1.0458	64.2320
113.7988	-0.9561	64.1314
114.8752	-0.9357	63.8955
115.7508	-0.9180	63.7366
117.6416	-0.9137	63.3101
118.6242	-0.9067	63.0621
119.5870	-0.8861	62.9239
121.6304	-0.8282	62.7355
122.1286	-0.8121	62.6876
122.7730	-0.7815	62.6351
123.6613	-0.7286	62.4936
123.7914	-0.7098	62.5071
123.6028	-0.6976	62.5539
123.1130	-0.7097	62.5475
122.5700	-0.7285	62.5389
121.8943	-0.7547	62.5238
120.1974	-0.8451	62.4761
119.2068	-0.8906	62.4845
118.1700	-0.9609	62.4208
115.8887	-1.0238	62.6252
114.5033	-1.0684	62.7585
113.3288	-1.1140	62.8652
111.0539	-1.1025	63.3476
110.3655	-1.0937	63.4976
109.6297	-1.0494	63.5255
109.9890	-0.9930	63.2271
110.2328	-1.0046	63.1366
110.4530	-0.9916	63.2021
111.5518	-1.0877	62.9740
111.7297	-1.0857	62.9685
112.3291	-1.1135	62.8658
113.8492	-1.0974	62.6351
114.5779	-1.1053	62.4185
115.0743	-1.1019	62.2968
116.8603	-1.1129	61.8653
117.6458	-1.0889	61.8215
118.4357	-1.0343	61.8869
119.9526	-0.9111	62.0070
120.6609	-0.8599	62.0351
121.3324	-0.8178	62.0378
122.4981	-0.7389	62.1019
122.8986	-0.7108	62.1516
123.4173	-0.6918	62.1740
123.8708	-0.6922	62.1867
123.9419	-0.6833	62.1985
123.9200	-0.6696	62.2367
123.4095	-0.6816	62.3214
122.9487	-0.7089	62.3257
122.3351	-0.7317	62.3162
120.6792	-0.7656	62.3928
119.6766	-0.7896	62.4703
118.3861	-0.8302	62.5745
115.9885	-0.9483	62.6325
115.1508	-0.9864	62.6612
113.4423	-1.0522	62.7851
111.2868	-1.1421	62.9087
109.3112	-1.1518	63.1256
109.1634	-1.0950	62.9768
109.4609	-1.0235	62.8440
109.5363	-1.0595	62.7422
109.6309	-1.0812	62.7836
109.6827	-1.1861	62.7350
109.6997	-1.2428	62.6912
109.6631	-1.2258	62.8126
109.6291	-1.1880	62.9563
109.6079	-1.1848	62.9662
109.5838	-1.1518	63.0529
109.6837	-1.1225	62.9931
109.7270	-1.1288	62.9183
109.7424	-1.1202	62.9120
109.7498	-1.0717	63.0075
109.7502	-1.0674	63.0135
109.7678	-1.0755	62.9740
109.8815	-1.1057	62.7927
110.0820	-1.1665	62.4794
110.2028	-1.1963	62.3538
110.6519	-1.2370	62.3655
110.8463	-1.2280	62.4079
111.3591	-1.2229	62.4052
112.3276	-1.1692	62.3541
112.8474	-1.1585	62.2696
113.1877	-1.1683	62.1790
114.1832	-1.1994	61.9734
114.3115	-1.1920	61.9655
114.3514	-1.1891	61.8857
113.7184	-1.1887	61.9436
113.1055	-1.1729	62.0668
112.3187	-1.1628	62.1895
110.3058	-1.1900	62.3707
109.3610	-1.1118	62.5024
109.1333	-1.0962	62.3813
109.4327	-1.0714	62.1658
109.5110	-1.1563	62.0315
109.5951	-1.1503	62.1851
109.8336	-1.3167	61.8076
109.9874	-1.3837	61.5900
110.2432	-1.4473	61.2599
110.8165	-1.3731	61.5812
110.9083	-1.3743	61.6108
111.2150	-1.3815	61.6712
112.0182	-1.3779	61.6224
112.5142	-1.3721	61.5308
112.8518	-1.3574	61.5168
113.9581	-1.2148	61.6863
114.2683	-1.1938	61.6637
114.4794	-1.2147	61.5482
114.4311	-1.2458	61.3938
114.1267	-1.2409	61.4437
113.6415	-1.2203	61.5693
111.6908	-1.1625	61.9157
111.4036	-1.1553	61.9601
110.5240	-1.1605	62.0111
109.9507	-1.0782	61.8898
110.1102	-1.0605	61.8167
110.6088	-1.1348	61.4825
111.2196	-1.0766	61.5711
111.2196	-1.0766	61.5711
111.7040	-1.1947	61.4809
112.8704	-1.1824	61.5007
113.4974	-1.1882	61.4513
114.0301	-1.1826	61.4133
114.6544	-1.1434	61.5817
114.7158	-1.1225	61.6972
114.5496	-1.1039	61.8689
113.7104	-1.0508	62.2504
113.0787	-1.0360	62.4298
112.3436	-1.0378	62.5699
110.6618	-1.0783	62.7559
109.7190	-1.0920	62.9448
109.5855	-1.0087	63.0377
110.2114	-0.9609	62.7760
110.4930	-1.0214	62.6086
110.6685	-1.0305	62.7255
111.4062	-1.0584	62.6842
111.8011	-1.0404	62.7799
112.3311	-1.0582	62.7081
113.2814	-1.1204	62.4126
113.4614	-1.1164	62.4151
113.5734	-1.0950	62.3792
113.0610	-1.0828	62.3911
112.5133	-1.0715	62.4661
111.8295	-1.0586	62.6055
110.2718	-1.0384	62.9144
109.9184	-0.9724	62.8669
109.8077	-0.9367	62.8656
110.3273	-0.9728	62.4613
110.4566	-1.0245	62.3334
110.6702	-1.0560	62.3903
111.2119	-1.0761	62.4230
111.4759	-1.0799	62.5118
111.8274	-1.0930	62.5137
112.5086	-1.1084	62.2794
112.5214	-1.0906	62.3464
112.4548	-1.0804	62.3339
111.7305	-1.1037	62.3425
111.1564	-1.1224	62.3737
110.7050	-1.1343	62.4104
109.6223	-1.0168	62.6423
109.8957	-0.9127	62.3627
109.9325	-0.8647	62.4095
110.0649	-1.0190	62.0694
110.1045	-1.1124	61.9442
110.0660	-1.1752	62.0348
110.0812	-1.1361	62.2106
110.0977	-1.1276	62.2696
110.0890	-1.1206	62.3683
109.9893	-1.1533	62.5028
109.9697	-1.0943	62.7592
110.2682	-1.0014	62.7978
110.6251	-1.0716	62.4533
110.8302	-1.0631	62.5867
111.0747	-1.0566	62.7218
112.0480	-1.0807	62.7748
112.5077	-1.0759	62.7330
113.2910	-1.0689	62.6144
115.2190	-0.9369	62.6995
116.5193	-0.9052	62.5704
117.5303	-0.9057	62.4018
119.5664	-0.8986	62.1739
120.5263	-0.8638	62.1488
121.4247	-0.8093	62.1724
122.9896	-0.7328	61.9942
123.6293	-0.7056	61.8890
124.1560	-0.6858	61.8372
124.7896	-0.6471	61.8437
124.8464	-0.6525	61.8356
124.7492	-0.6744	61.8307
124.0899	-0.6929	61.9949
123.5387	-0.6879	62.1743
122.8575	-0.6908	62.3338
121.1443	-0.7191	62.6429
120.4801	-0.7345	62.7447
119.0465	-0.7819	62.9229
116.7316	-0.8545	63.2312
115.5999	-0.9016	63.3248
114.5849	-0.9264	63.4804
111.8992	-1.0198	63.8466
111.1815	-1.0715	63.8714
109.6540	-1.1607	64.1002
109.1817	-1.0953	64.3432
109.6305	-1.2069	64.0914
109.8138	-1.1597	64.1496
110.3513	-1.1763	64.3092
110.7178	-1.2150	64.1860
111.0233	-1.2796	64.1959
112.0796	-1.1535	64.5162
112.6753	-1.0956	64.5792
113.1073	-1.1128	64.3700
114.5984	-1.1992	63.6435
115.0268	-1.2102	63.5343
115.9137	-1.2167	63.4022
117.3235	-1.1870	63.2871
118.0217	-1.1462	63.2909
118.6957	-1.0955	63.3017
119.8873	-0.9957	63.3541
120.2196	-0.9640	63.3939
120.8107	-0.9004	63.4845
121.2158	-0.8726	63.6368
121.2359	-0.8639	63.7254
121.1829	-0.8546	63.7844
120.6419	-0.8610	63.8272
120.3690	-0.8639	63.8381
119.6875	-0.8912	63.9027
118.6606	-0.9497	63.9405
117.7090	-0.9906	64.0012
116.9397	-1.0229	64.0415
115.2158	-1.1324	64.0642
114.3951	-1.1636	64.1282
113.5794	-1.1925	64.2126
111.9933	-1.2300	64.3830
111.4855	-1.2376	64.4462
110.4913	-1.2346	64.6047
109.5463	-1.1664	64.7355
109.7556	-1.1262	64.6369
109.9701	-1.0896	64.5825
110.2791	-1.1586	64.1814
110.4209	-1.1701	64.0477
110.4866	-1.1923	63.9657
110.6902	-1.2048	63.8508
110.8891	-1.2303	63.6374
111.0206	-1.2312	63.5243
111.3836	-1.2534	63.1857
111.6137	-1.2645	63.0518
111.8218	-1.2750	62.9392
112.3642	-1.2316	62.8555
