-10.5660	-4.1681	39.1524
-10.5728	-4.1669	39.1605
-10.5783	-4.1666	39.1672
-10.5841	-4.1676	39.1736
-10.5891	-4.1673	39.1794
-10.5942	-4.1672	39.1865
-10.5989	-4.1679	39.1937
-10.6040	-4.1680	39.2001
-10.6076	-4.1698	39.2050
-10.6101	-4.1697	39.2111
-10.6110	-4.1704	39.2149
-10.6083	-4.1718	39.2135
-10.6054	-4.1720	39.2110
-10.6021	-4.1723	39.2060
-10.5994	-4.1728	39.1996
-10.5939	-4.1746	39.1904
-10.5903	-4.1764	39.1807
-10.5891	-4.1779	39.1711
-10.5903	-4.1799	39.1608
-10.5951	-4.1821	39.1491
-10.6027	-4.1847	39.1357
-10.6155	-4.1875	39.1244
-10.6329	-4.1888	39.1141
-10.6430	-4.1894	39.1099
-10.6652	-4.1912	39.1004
-22.6132	-4.2756	38.2196
-23.8376	-4.2606	38.1441
-25.1719	-4.2182	38.1361
-27.6074	-4.1098	38.2825
-29.6779	-4.0074	38.3959
-31.3018	-3.9361	38.5070
-34.7398	-3.8011	38.6563
-36.5598	-3.7223	38.7089
-37.8202	-3.6593	38.7574
-42.4676	-3.4181	38.7049
-44.5921	-3.2987	38.6478
-46.8563	-3.1456	38.5879
-51.7430	-2.7796	38.5633
-54.3670	-2.5872	38.5486
-56.1782	-2.4553	38.4546
-62.9917	-1.8998	38.5944
-66.0789	-1.6396	38.5330
-68.7266	-1.3914	38.5886
-75.3069	-0.7262	38.7335
-78.7127	-0.3787	38.7385
-82.2181	-0.0372	38.7821
-89.5407	0.6980	38.7941
-93.3186	1.1089	39.0019
-97.0700	1.5029	39.1914
-104.2955	2.2510	39.3155
-106.6023	2.4812	39.1286
-111.3800	2.9702	38.5354
-117.7417	3.6149	38.3152
-122.9500	4.0730	38.1204
-125.5156	4.2714	37.9276
-134.3152	4.9190	37.3012
-138.0680	5.1644	36.7305
-141.8903	5.3924	36.3469
-148.2959	5.7604	35.7594
-153.3544	6.0178	35.3565
-157.0632	6.1742	35.1000
-163.7377	6.4385	34.5393
-166.1162	6.5219	34.4113
-170.7113	6.6908	34.1979
-177.1011	6.7875	33.8228
-179.8148	6.7909	33.2921
178.4074	6.7760	32.7462
171.2589	6.8868	32.0028
169.2381	6.8263	31.6976
165.4662	6.6846	31.0324
159.9905	6.3944	29.5968
156.9951	6.2193	28.8567
154.9313	6.1108	28.3725
147.2529	5.6052	26.5737
144.9061	5.4173	26.0352
140.0652	5.0132	25.0312
133.5447	4.4738	23.8442
128.0939	3.9446	23.0028
123.7890	3.5101	22.4105
115.4596	2.6083	21.3887
112.3012	2.2459	21.0245
105.7091	1.5356	20.3183
95.0974	0.5328	20.5375
89.6602	-0.0256	20.9893
86.0883	-0.4225	21.3620
74.3310	-1.6247	21.7961
71.0557	-1.9103	21.7475
63.9982	-2.4016	22.1413
52.8353	-3.1937	23.4948
47.3560	-3.5775	24.1951
43.6875	-3.8127	24.7064
30.8448	-4.5516	26.2492
25.2398	-4.8000	26.9335
19.4641	-4.9695	27.7431
9.8564	-5.1297	29.0534
2.2910	-5.2015	30.0954
-1.4662	-5.1811	30.6296
-13.3776	-4.9372	32.4361
-16.9427	-4.7968	33.0264
-23.8388	-4.4095	34.1925
-31.9586	-3.9493	35.4559
-36.4900	-3.6386	36.0582
-42.3175	-3.2410	36.4119
-52.0838	-2.4287	37.2341
-56.9903	-1.9141	37.7656
-60.1991	-1.6228	38.0010
-71.4845	-0.4894	38.8113
-74.7624	-0.1562	39.0231
-81.4517	0.5067	39.3141
-90.0919	1.3286	39.6694
-97.2695	1.9600	39.2017
-101.0133	2.2978	39.0661
-114.8525	3.6016	38.7647
-118.9047	3.9669	38.7632
-126.9632	4.6394	38.7349
-137.6695	5.4164	38.1593
-143.5258	5.8840	37.5060
-147.5787	6.1363	37.3639
-162.2929	6.8962	36.7149
-166.4600	7.0227	36.5757
-174.6089	7.0546	35.9981
172.8646	7.0828	35.3936
166.5125	6.9378	34.6817
160.0497	6.7749	34.3978
147.2049	6.1050	33.6243
140.8843	5.6614	33.1830
134.6190	5.1899	32.9088
122.2057	4.1768	32.4441
116.0969	3.6350	32.4348
112.1141	3.2543	32.5206
100.6059	2.2424	32.8326
93.3866	1.4886	32.6097
88.0210	1.0015	32.4456
77.7407	-0.1720	31.8051
73.9347	-0.5910	31.5668
65.9304	-1.2912	31.8888
55.9144	-2.1744	32.6143
47.9195	-2.8255	33.1983
41.9674	-3.2927	33.7114
29.6677	-3.9652	35.0862
25.4077	-4.1250	35.6670
16.6757	-4.3295	37.0348
3.3321	-4.4532	39.2008
-3.0478	-4.5228	39.9235
-9.5528	-4.2675	41.0092
-22.6173	-3.6832	42.7766
-29.4643	-3.2012	43.7218
-34.0559	-2.8950	44.5172
-47.4740	-2.0290	46.4427
-54.0873	-1.5272	47.2842
-62.9623	-0.7137	48.3638
-75.2663	0.5023	49.4826
-81.9654	1.1764	49.9351
-88.6090	1.8631	50.3155
-101.7487	3.2010	50.7046
-106.0971	3.6206	50.7161
-114.7651	4.4770	50.8052
-125.5646	5.4266	50.2961
-134.2402	6.1022	49.9840
-138.5734	6.4036	49.6877
-153.7668	7.2296	48.3690
-158.1416	7.3829	48.0441
-166.8259	7.6356	47.2394
-177.5893	7.7626	46.5286
173.8683	7.6776	45.4682
169.6149	7.5767	45.0013
154.6669	7.0097	43.4837
150.3925	6.7679	43.0255
141.8680	6.2404	42.3650
130.2363	5.3120	41.0812
123.9031	4.7380	40.5187
117.5482	4.1267	40.0577
104.7687	2.7965	38.9425
100.4736	2.3556	38.8557
91.8507	1.4259	38.4490
78.9051	0.0601	38.5274
72.4260	-0.6401	38.4891
65.8796	-1.2936	38.6492
52.6670	-2.4975	39.4728
46.0911	-3.0377	39.9538
39.4364	-3.4821	40.5689
26.1720	-4.1314	42.0778
19.6428	-4.3195	42.9423
15.3448	-4.4075	43.5613
0.4954	-4.3646	45.9317
-3.6897	-4.2808	46.6411
-11.9871	-4.0444	48.0920
-23.0880	-3.4996	50.1668
-28.9261	-3.1449	51.3161
-34.6328	-2.7427	52.4636
-45.5464	-1.8202	54.8432
-50.5004	-1.3658	56.0297
-54.8923	-0.9764	57.2044
-62.3489	-0.1962	59.5491
-65.6479	0.1965	60.7442
-67.7414	0.4615	61.5649
-74.1065	1.2857	64.3436
-76.2391	1.5668	65.5473
-77.9221	1.8289	66.7051
-79.9874	2.2170	68.6554
-81.2442	2.5464	70.4748
-81.7280	2.6876	71.3716
-82.8764	3.1495	74.2967
-83.4649	3.4202	76.2156
-83.7853	3.6310	77.8355
-83.8879	3.9487	80.9593
-83.7563	4.0449	82.1808
-83.4438	4.1817	84.1880
-83.2002	4.3727	86.7635
-83.0512	4.5890	89.0276
-82.9184	4.7298	90.7160
-82.8823	5.0050	94.2650
-82.8454	5.0932	95.4991
-82.7398	5.2689	97.9556
-82.4952	5.5118	101.2250
-82.0514	5.6291	103.8819
-81.7796	5.6634	105.1943
-80.5205	5.8114	109.8740
-80.1155	5.8617	111.2194
-79.3035	5.9034	113.8223
-78.2638	6.0029	117.1845
-77.3860	6.0890	119.9366
-76.8959	6.1240	121.3193
-74.8379	6.1323	126.0922
-74.3595	6.1466	127.1406
-73.4053	6.1531	129.1953
-71.6385	6.0590	132.5674
-69.7940	5.9780	135.9973
-68.7919	5.9167	138.0339
-66.9713	5.8107	142.2541
-66.0834	5.7708	144.4233
-65.1863	5.6921	146.5732
-63.6848	5.5653	150.2243
-62.5250	5.4485	153.2063
-61.6278	5.3577	155.4686
-59.6197	5.1110	160.0865
-58.5387	4.9662	162.3879
-57.8260	4.8669	163.9021
-55.7030	4.5752	168.4068
-54.6369	4.4288	170.6557
-53.1846	4.2460	173.7057
-51.1043	3.9761	178.2115
-50.2722	3.8593	-179.9360
-49.3359	3.7361	-177.7945
-47.7580	3.5083	-174.3044
-46.5029	3.3183	-171.6121
-45.5550	3.1817	-169.6243
-43.6304	2.9343	-165.6874
-42.6320	2.8085	-163.7560
-41.9522	2.7056	-162.4750
-39.8982	2.3859	-158.6781
-38.6368	2.1801	-156.3083
-37.7125	2.0204	-154.6154
-35.9192	1.6831	-151.4780
-35.3051	1.5585	-150.4410
-34.1792	1.3249	-148.5630
-32.9368	1.0736	-146.5070
-32.0415	0.8895	-145.0902
-31.3979	0.7566	-144.1167
-30.1726	0.5397	-142.3624
-29.8769	0.4888	-141.9653
-29.0642	0.3448	-140.9215
-28.0662	0.1530	-139.7038
-27.3652	0.0346	-138.9073
-27.0184	-0.0194	-138.5382
-25.8291	-0.1722	-137.4071
-25.4675	-0.2284	-137.0672
-24.7292	-0.3663	-136.3907
-23.9478	-0.5635	-135.6271
-23.5314	-0.7190	-135.1554
-23.3899	-0.7981	-134.9648
-23.4009	-0.9985	-134.7370
-23.5149	-1.0352	-134.7865
-23.8287	-1.0913	-134.9748
-24.3945	-1.1200	-135.3922
-24.7932	-1.1178	-135.7171
-25.3607	-1.1002	-136.2091
-26.0714	-1.0636	-136.8838
-26.5451	-1.0377	-137.3631
-26.8526	-1.0115	-137.6611
-28.0083	-0.8557	-138.8063
-28.3105	-0.8056	-139.1366
-28.8147	-0.7264	-139.7448
-29.3416	-0.6752	-140.5145
-29.5788	-0.6628	-140.8728
-29.7358	-0.6526	-141.1106
-30.2650	-0.6430	-141.9191
-30.4035	-0.6429	-142.1436
-30.6600	-0.6521	-142.5678
-31.0105	-0.7048	-143.1384
-31.1928	-0.7345	-143.4048
-31.3230	-0.7503	-143.5798
-31.8418	-0.7656	-144.1737
-31.9981	-0.7637	-144.3398
-32.3229	-0.7584	-144.6765
-32.8622	-0.7423	-145.2310
-33.0850	-0.7346	-145.4594
-33.3539	-0.7309	-145.7086
-33.9026	-0.7291	-146.2132
-34.0968	-0.7296	-146.3776
-34.5098	-0.7197	-146.7320
-35.1544	-0.6950	-147.2777
-35.4795	-0.6792	-147.5370
-35.8026	-0.6650	-147.7905
-36.4891	-0.6325	-148.3089
-36.8473	-0.6193	-148.5809
-37.2027	-0.6115	-148.8550
-37.7693	-0.6073	-149.2664
-38.2046	-0.6054	-149.6000
-38.4148	-0.6046	-149.7814
-39.1067	-0.5865	-150.4191
-39.3591	-0.5749	-150.6572
-39.5774	-0.5631	-150.8717
-39.9523	-0.5391	-151.2657
-40.0936	-0.5275	-151.4231
-40.2541	-0.5149	-151.6149
-40.4814	-0.4995	-151.9190
-40.6056	-0.4943	-152.0974
-40.7698	-0.4857	-152.3415
-41.0171	-0.4822	-152.7136
-41.1388	-0.4840	-152.9072
-41.2630	-0.4868	-153.1094
-41.5000	-0.4994	-153.5249
-41.6077	-0.5095	-153.7320
-41.7110	-0.5197	-153.9397
-41.8714	-0.5391	-154.2874
-41.9905	-0.5553	-154.5650
-42.0715	-0.5665	-154.7675
-42.2199	-0.5881	-155.1604
-42.2644	-0.5937	-155.2836
-42.3492	-0.6031	-155.5276
-42.4469	-0.6154	-155.8702
-42.4765	-0.6226	-156.0002
-42.5082	-0.6302	-156.1480
-42.5464	-0.6447	-156.4095
-42.5539	-0.6509	-156.4888
-42.5569	-0.6673	-156.6245
-42.5519	-0.6918	-156.7702
-42.5526	-0.7157	-156.8857
-42.5592	-0.7295	-156.9514
-42.6307	-0.7736	-157.2448
-42.6624	-0.7857	-157.3429
-42.7421	-0.8056	-157.5791
-42.8681	-0.8189	-158.0088
-42.9154	-0.8254	-158.2283
-42.9414	-0.8347	-158.3680
-42.9772	-0.8660	-158.7693
-42.9767	-0.8787	-158.8704
-42.9770	-0.9014	-159.0670
-42.9659	-0.9231	-159.3022
-42.9313	-0.9330	-159.4620
-42.8826	-0.9428	-159.5331
-42.7816	-0.9623	-159.6532
-42.7111	-0.9773	-159.7138
-42.6047	-1.0033	-159.7777
-42.4374	-1.0380	-159.8396
-42.3571	-1.0524	-159.8699
-42.3088	-1.0606	-159.8904
-42.1856	-1.0856	-159.9343
-42.1342	-1.1023	-159.9707
-42.1172	-1.1167	-160.0167
-42.1321	-1.1424	-160.1967
-42.1469	-1.1494	-160.2664
-42.1842	-1.1640	-160.4126
-42.2430	-1.1848	-160.6074
-42.3009	-1.2019	-160.7511
-42.3528	-1.2106	-160.8535
-42.4595	-1.2236	-161.0365
-42.5528	-1.2356	-161.1801
-42.6105	-1.2402	-161.2693
-42.7153	-1.2406	-161.4422
-42.7848	-1.2393	-161.5897
-42.8182	-1.2387	-161.7076
-42.8284	-1.2440	-161.9189
-42.8117	-1.2495	-162.0643
-42.7907	-1.2537	-162.1716
-42.4504	-1.3039	-162.3491
-42.3040	-1.3492	-162.5259
-42.2745	-1.3711	-162.7451
-42.2615	-1.4258	-163.2193
-42.2387	-1.4431	-163.3541
-42.1415	-1.4781	-163.5513
-42.0780	-1.4941	-163.6229
-41.8868	-1.5485	-163.8834
-41.8497	-1.5603	-163.9657
-41.7680	-1.5894	-164.2565
-41.7598	-1.5903	-164.2962
-41.7323	-1.5929	-164.4654
-41.7020	-1.5958	-164.5579
-41.6706	-1.6052	-164.6219
-41.6642	-1.6101	-164.6519
-41.6725	-1.6260	-164.7261
-41.6959	-1.6278	-164.7395
-41.7348	-1.6323	-164.7398
-41.8717	-1.6471	-164.7117
-41.9752	-1.6552	-164.6951
-42.1033	-1.6563	-164.6831
-42.4157	-1.6590	-164.6643
-42.5390	-1.6598	-164.6624
-42.8147	-1.6583	-164.6634
-43.3119	-1.6438	-164.6980
-43.4973	-1.6365	-164.7196
-43.8802	-1.6295	-164.7436
-44.4981	-1.6224	-164.7305
-44.8428	-1.6154	-164.7259
-45.0887	-1.6088	-164.7203
-45.9933	-1.5785	-164.7422
-46.2962	-1.5660	-164.7502
-46.9438	-1.5372	-164.7729
-48.0222	-1.4821	-164.8178
-48.6021	-1.4498	-164.8256
-48.9951	-1.4255	-164.8306
-50.2239	-1.3477	-164.8355
-50.8667	-1.3045	-164.8259
-51.7690	-1.2434	-164.8176
-53.2259	-1.1392	-164.7930
-53.9998	-1.0816	-164.8015
-54.5327	-1.0425	-164.7954
-56.4681	-0.8951	-164.7579
-57.3350	-0.8259	-164.7035
-58.2416	-0.7550	-164.6490
-60.1826	-0.6018	-164.5994
-61.2026	-0.5217	-164.5497
-62.0751	-0.4492	-164.5160
-64.2934	-0.2694	-164.4162
